01073000
01078000
01123000
01162500
01181000
01187300
01451800
01518862
01567500
01605500
01606500
01632000
01632900
01634500
01639500
01664000
01666500
01669000
01669520
02011400
02013000
02014000
02015700
02016000
02017500
02018000
02027000
02027500
02028500
02038850
02046000
02051500
02069700
02070000
02074500
02118500
02231000
02245500
02246000
02296500
02371500
02372250
02374500
02415000
02427250
02450250
02464000
02465493
02469800
03010655
03011800
03021350
03026500
03049800
03050000
03069500
03070500
03076600
03078000
03140000
03170000
03173000
03180500
03182500
03186500
03237280
03237500
03241500
03471500
03473000
03574500
05488200
05489000
05495000
05501000
05503800
05507600
05508805
06221400
06224000
06289000
06406000
06431500
06622700
06803510
06814000
06847900
06853800
06878000
06889200
06889500
06903400
06906800
06910800
06911900
06917000
06918460
06919500
06921070
06921200
07057500
07060710
07066000
07167500
07184000
07315200
07335700
07346045
07362100
08013000
08014500
08023080
08050800
08066200
08066300
08082700
08086212
08086290
08103900
08380500
09047700
09081600
10244950
11264500
11473900
11522500
12175500
12377150
12390700
14020000
14216500
14222500
