01644000
10259000
04057510
11230500
02300700
08190500
12178100
11143000
07299670
06278300
12377150
08267500
04122500
09512280
14303200
07142300
10244950
11528700
05593900
13313000
14216500
04127918
08158810
13331500
01411300
02102908
06344600
09312600
02450250
04045500
13240000
01139800
07180500
09047700
01466500
11481200
09494000
12073500
12390700
04115265
06409000
02231000
03069500
06847900
04213075
08164600
11381500
07057500
11151300
09430600
08066300
04256000
12167000
06289000
02038850
09378170
13161500
06885500
12010000
14301000
