01052500
08104900
12143600
12073500
05057200
05595730
01170100
11098000
09494000
07195800
02015700
10336645
03366500
05362000
11176400
02315500
02038850
03028000
02221525
02056900
10172800
06339500
03471500
08377900
12144000
04074950
06280300
09107000
11451100
14138900
05593900
10336740
14187000
06352000
09034900
11383500
03460000
13240000
14092750
12147500
10258500
12048000
01466500
01434025
05120500
07068000
02371500
02112120
08202700
14138870
08189500
01669000
03237280
08070000
04224775
03021350
09484000
01606500
01022500
03170000
13313000
03070500
10249300
06775500
02298123
06447500
01634500
04197170
03159540
05444000
08171300
12041200
06803510
05399500
02017500
14182500
06906800
07167500
09210500
06878000
02193340
02069700
09035800
09510200
11237500
09508300
08086290
04043050
01057000
07151500
07071500
01451800
06332515
01510000
01078000
01658500
04161580
14154500
01666500
01350140
06479215
04015330
03368000
02081500
04216418
06846500
02013000
02177000
01144000
02245500
03049000
07208500
14308990
08029500
10242000
03463300
11274630
04063700
07290650
04045500
01638480
08195000
07196900
07263295
07346045
14020000
08190500
02298608
01644000
12020000
14185000
01031500
01162500
02096846
02450250
01567500
02196000
01350080
02472500
12175500
01547700
01542810
11522500
03165000
01667500
01414500
03213700
01123000
09505350
02216180
01516500
08086212
04213075
02215100
03011800
03500240
03281100
03592718
02430085
08109700
06353000
01169000
09066300
11473900
06450500
11141280
04213000
02064000
13337000
14158500
06289000
02014000
09066000
09047700
08023080
01181000
01639500
08164000
01539000
11180960
09447800
13235000
12147600
12414500
05525500
09484600
07180500
13011900
07315700
01439500
03500000
12114500
04127997
03479000
11482500
09404450
02342933
14309500
02059500
03280700
02374500
06622700
04221000
06339100
06440200
02296500
02143000
11299600
02350900
07301500
11162500
11180500
02415000
06477500
10258000
03182500
04027000
08175000
08079600
07056000
02384540
11475560
09306242
10396000
07014500
03384450
08164300
02074500
14400000
06784000
07373000
10234500
06889200
07362100
02297310
06903400
14185900
05414000
13083000
08013000
10173450
02053800
06885500
11468500
02363000
02118500
06408700
08103900
06037500
02077200
12451000
02027000
04196800
12025700
06892000
02070000
11381500
03026500
06431500
02108000
01543500
01552500
08178880
06354000
14306500
06470800
01030500
02149000
11143000
08194200
05393500
08200000
02479300
12092000
10348850
01139800
03450000
02472000
08380500
10166430
04127918
01545600
01613050
03300400
02327100
03574500
01543000
01047000
14362250
09505200
13340600
02465493
02111500
08176900
01557500
10263500
02408540
02395120
07315200
02016000
02055100
11476600
02469800
02464146
05489000
14301000
05057000
06188000
04296000
05412500
14138800
07197000
12374250
09312600
02128000
03049800
09066200
14166500
05131500
14139800
14216500
11148900
02481510
03180500
08014500
12167000
08196000
02369800
01594950
01485500
11532500
02140991
01632900
11528700
14141500
12115000
09535100
06911900
06879650
08082700
12040500
11478500
11480390
05593575
07067000
03340800
05466500
01605500
10172700
09430600
04040500
03237500
09513780
01568000
08070200
06452000
13338500
09512280
14305500
02053200
08269000
03140000
14316700
01583500
05487980
05123400
07376000
01620500
10259200
04185000
08267500
12035000
04256000
06888500
05591550
06291500
05584500
13018300
02011400
03291780
10329500
03473000
09223000
06406000
06468250
14137000
01440000
01484100
06919500
04124000
02212600
02479560
06360500
02310947
02324400
07359610
06479438
10316500
07142300
07340300
06043500
07292500
11264500
10259000
01333000
11151300
12025000
08025500
03346000
02481000
02300700
01134500
12178100
08198500
02479155
12145500
10336660
11253310
03604000
08324000
12411000
10310500
05056000
07149000
01580000
12388400
03186500
06447000
03455500
11266500
09035900
02046000
12082500
06910800
01365000
01187300
07335700
08378500
08158810
01552000
02349900
02082950
03050000
01423000
06278300
07148400
02464000
07362587
01118300
03285000
14158790
09505800
03144000
03338780
14303200
06803530
06601000
01532000
02235200
03498500
03161000
02178400
12358500
07066000
13331500
06154410
08066300
06853800
02092500
07060710
05458000
04057800
05062500
01350000
01491000
02312200
02152100
13161500
05501000
14096850
03439000
04115265
06464500
03456500
01664000
10205030
06191500
02112360
09497980
06876700
12189500
03015500
09386900
07145700
09378630
05454000
06632400
02231000
06224000
12488500
04057510
05413500
01413500
06344600
11274500
05495500
02065500
06934000
02137727
05507600
05488200
04056500
07299670
01139000
08050800
02427250
11284400
04024430
01054200
12010000
11230500
05129115
07184000
10343500
06921200
02381600
12381400
07226500
06453600
06889500
06921070
02111180
12115500
08164600
03066000
11481200
03241500
05508805
02299950
05408000
