### channel=id31-hydrologic-dynamic-tokens seq=68
### host=login4
### started=2026-09-02T15:19:12+0800
### ---------- output ----------
=== A. TIMESTAMP ===
2026-09-02T15:19:12+0800
=== B. SLURM FINAL STATE ===
slurm_load_jobs error: Invalid job id specified
216549|id31_development|hgpu2|COMPLETED|0:0|2-01:21:04|2026-08-31T12:20:14|2026-09-02T13:41:18|ngu003
216549.batch|batch||COMPLETED|0:0|2-01:21:04|2026-08-31T12:20:14|2026-09-02T13:41:18|ngu003
216549.extern|extern||COMPLETED|0:0|2-01:21:04|2026-08-31T12:20:14|2026-09-02T13:41:18|ngu003
=== C. RUN MANIFEST FINAL ===
{
  "finished_at_utc": null,
  "formal_evaluation_authorized": false,
  "return_code": null,
  "run_id": "id31_DL01_s100_slurm216549",
  "seed": 100,
  "started_at_utc": "2026-08-31T04:22:16.389296+00:00",
  "status": "COMPLETE"
}
4c8a5011cb66d20fd625f37e4ac151218e07416dd5abf32c1fe748727620d065  /data1/home/sunyiq/id31_hydrologic_dynamic_tokens_20260828/repo/results/31_hydrologic_dynamic_tokens/_invocations/id31_DL01_s100_slurm216549/run_manifest.json
=== D. SOURCE INTEGRITY AFTER TRAINING ===
e8eb71123f99eecccd0316901ace54bd933f8e3565325696c1e0e11ea2b3b027  /data1/home/sunyiq/id31_hydrologic_dynamic_tokens_20260828/repo/neuralhydrology/training/regularization.py
45e497b85dad61f70b882a1ec3359b03d1cba2fed624934d1c03d61a467cb435  /data1/home/sunyiq/id31_hydrologic_dynamic_tokens_20260828/repo/test/test_hydrologic_dynamic_token_transformer.py
1f38ed828fb002a0b967c341d0109ff95ead50a7ad241925c5259343a1521b4e  /data1/home/sunyiq/id31_hydrologic_dynamic_tokens_20260828/repo/src/hydrologic_dynamic_tokens/configs/learned_end_to_end_s100.yml
790384fd3726cff6b7b582cc2c8e3461a382585c739fac3483a237e30e5b15b5  /data1/home/sunyiq/id31_hydrologic_dynamic_tokens_20260828/repo/src/hydrologic_dynamic_tokens/configs/fixed_08_s100.yml
a7c99e9788f3d6f134f8087d1723c885d77f23e82ab59cba5a57d909e1460867  /data1/home/sunyiq/id31_hydrologic_dynamic_tokens_20260828/repo/src/hydrologic_dynamic_tokens/registry/experiments.csv
4594305ff15df760b08f14dd12936c8cb5aa701ebf5f7e23cd4f0d254238e459  /data1/home/sunyiq/id31_hydrologic_dynamic_tokens_20260828/repo/neuralhydrology/modelzoo/hydrologic_dynamic_token_transformer.py
53123019686896c05c80314ba0fdbedfbc0556a91a7c05d2e78a699ea46d3089  /data1/home/sunyiq/id31_hydrologic_dynamic_tokens_20260828/repo/neuralhydrology/modelzoo/hydrologic_dynamic_tokenizer.py
04f0dc3892ee0d7603d948b7673f5ec87da48b9d3d5b79d3e9b49307ba36aede  /data1/home/sunyiq/id31_hydrologic_dynamic_tokens_20260828/repo/neuralhydrology/modelzoo/modern_causal_transformer.py
=== E. DL01 EPOCH-30 ARTIFACTS ===
-rw-r--r--. 1 sunyiq g_sunyiq 4669050 Sep  2 13:25 /data1/home/sunyiq/id31_hydrologic_dynamic_tokens_20260828/repo/results/31_hydrologic_dynamic_tokens/DL01/hydrologic_dynamic_tokens_DL01_learned_end_to_end_s100_2026_0831_1223_ep30/model_epoch030.pt
135832304f6d6ffcb2cfe69703a5143504bbb9654158515f4e39ebe0d2061b18  /data1/home/sunyiq/id31_hydrologic_dynamic_tokens_20260828/repo/results/31_hydrologic_dynamic_tokens/DL01/hydrologic_dynamic_tokens_DL01_learned_end_to_end_s100_2026_0831_1223_ep30/model_epoch030.pt
-rw-r--r--. 1 sunyiq g_sunyiq 14909 Sep  2 13:37 /data1/home/sunyiq/id31_hydrologic_dynamic_tokens_20260828/repo/results/31_hydrologic_dynamic_tokens/DL01/hydrologic_dynamic_tokens_DL01_learned_end_to_end_s100_2026_0831_1223_ep30/validation/model_epoch030/validation_metrics.csv
1e666988d6d7ef01a831ca39ca6f41a449501476d323571571cd3c9f0a75dfb9  /data1/home/sunyiq/id31_hydrologic_dynamic_tokens_20260828/repo/results/31_hydrologic_dynamic_tokens/DL01/hydrologic_dynamic_tokens_DL01_learned_end_to_end_s100_2026_0831_1223_ep30/validation/model_epoch030/validation_metrics.csv
=== F. DL01 TRAINING LOG TAIL ===
2026-09-02 11:45:55,468: Epoch 29 average loss: avg_loss: 0.02131, avg_dynamic_token_count: 1.00005, avg_total_loss: 0.03131
2026-09-02 11:58:08,202: Epoch 29 average validation loss: 0.03884 -- Median validation metrics: avg_loss: 0.02916, avg_dynamic_token_count: 0.96786, NSE: 0.60494
2026-09-02 13:26:16,918: Epoch 30 average loss: avg_loss: 0.02147, avg_dynamic_token_count: 0.95433, avg_total_loss: 0.03102
2026-09-02 13:38:32,206: Epoch 30 average validation loss: 0.03899 -- Median validation metrics: avg_loss: 0.03002, avg_dynamic_token_count: 0.89635, NSE: 0.60925
-- last 12 timestamped lines --
2026-09-02 10:10:49,454: Epoch 28 average loss: avg_loss: 0.02161, avg_dynamic_token_count: 0.98944, avg_total_loss: 0.03151
2026-09-02 10:23:10,042: Stored metrics at results/31_hydrologic_dynamic_tokens/DL01/hydrologic_dynamic_tokens_DL01_learned_end_to_end_s100_2026_0831_1223_ep30/validation/model_epoch028/validation_metrics.csv
2026-09-02 10:23:10,150: Stored results at results/31_hydrologic_dynamic_tokens/DL01/hydrologic_dynamic_tokens_DL01_learned_end_to_end_s100_2026_0831_1223_ep30/validation/model_epoch028/validation_results.p
2026-09-02 10:23:10,160: Epoch 28 average validation loss: 0.03909 -- Median validation metrics: avg_loss: 0.02910, avg_dynamic_token_count: 0.99882, NSE: 0.60639
2026-09-02 11:45:55,468: Epoch 29 average loss: avg_loss: 0.02131, avg_dynamic_token_count: 1.00005, avg_total_loss: 0.03131
2026-09-02 11:58:08,082: Stored metrics at results/31_hydrologic_dynamic_tokens/DL01/hydrologic_dynamic_tokens_DL01_learned_end_to_end_s100_2026_0831_1223_ep30/validation/model_epoch029/validation_metrics.csv
2026-09-02 11:58:08,194: Stored results at results/31_hydrologic_dynamic_tokens/DL01/hydrologic_dynamic_tokens_DL01_learned_end_to_end_s100_2026_0831_1223_ep30/validation/model_epoch029/validation_results.p
2026-09-02 11:58:08,202: Epoch 29 average validation loss: 0.03884 -- Median validation metrics: avg_loss: 0.02916, avg_dynamic_token_count: 0.96786, NSE: 0.60494
2026-09-02 13:26:16,918: Epoch 30 average loss: avg_loss: 0.02147, avg_dynamic_token_count: 0.95433, avg_total_loss: 0.03102
2026-09-02 13:38:32,073: Stored metrics at results/31_hydrologic_dynamic_tokens/DL01/hydrologic_dynamic_tokens_DL01_learned_end_to_end_s100_2026_0831_1223_ep30/validation/model_epoch030/validation_metrics.csv
2026-09-02 13:38:32,196: Stored results at results/31_hydrologic_dynamic_tokens/DL01/hydrologic_dynamic_tokens_DL01_learned_end_to_end_s100_2026_0831_1223_ep30/validation/model_epoch030/validation_results.p
2026-09-02 13:38:32,206: Epoch 30 average validation loss: 0.03899 -- Median validation metrics: avg_loss: 0.03002, avg_dynamic_token_count: 0.89635, NSE: 0.60925
-- error scan --
NO_ERROR_TOKENS
=== G. STDERR ===
bytes=0
STDERR_SHOWN
=== H. DATA ACCESS AUDIT ===
lines=2656
-- forbidden token count (expect 0) --
0
0
-- sealed-window token count (expect 0) --
0
0
-- first 3 records --
{"path": "/data1/home/sunyiq/id30_modern_transformer_moe_20260827/repo/data/camels_us_track0_development_forcing_v01/track0_statics.csv", "process_id": 80700}
{"path": "/data1/home/sunyiq/id30_modern_transformer_moe_20260827/repo/data/camels_us_track0_development_forcing_v01/track0_forcing.parquet", "process_id": 80700}
{"path": "/data1/home/sunyiq/id30_modern_transformer_moe_20260827/repo/data/camels_us_track0_supervision_v01/targets/01022500.parquet", "process_id": 80700}
-- last 2 records --
{"path": "/data1/home/sunyiq/id30_modern_transformer_moe_20260827/repo/data/camels_us_track0_development_forcing_v01/track0_forcing.parquet", "process_id": 80700}
{"path": "/data1/home/sunyiq/id30_modern_transformer_moe_20260827/repo/data/camels_us_track0_supervision_v01/targets/14400000.parquet", "process_id": 80700}
=== I. VALIDATION TABLE SHAPE CHECK ===
DL01_ep030 rows=531 column=NSE finite=531 nonfinite_or_blank=0 median=0.6092462539672852
DT08_ep030 rows=531 column=NSE finite=531 nonfinite_or_blank=0 median=0.4365038275718689
=== J. DL01 EPOCH-30 VALIDATION TABLE (full) ===
basin,NSE
01022500,0.7563284635543823
01031500,0.6466488838195801
01047000,0.7114279866218567
01052500,0.5672518014907837
01054200,0.49480724334716797
01055000,0.5284467339515686
01057000,0.7041720151901245
01073000,0.7278735637664795
01078000,0.824993908405304
01123000,0.6008160710334778
01134500,0.7684774398803711
01137500,0.7125439643859863
01139000,0.722952127456665
01139800,0.7086977362632751
01142500,0.6560599207878113
01144000,0.7471559047698975
01162500,0.6900832056999207
01169000,0.5973694324493408
01170100,0.6424171924591064
01181000,0.5419565439224243
01187300,0.5347008109092712
01195100,0.5632169246673584
01333000,0.4474717378616333
01350000,0.6074550151824951
01350080,0.6616792678833008
01350140,0.5677534937858582
01365000,0.5597898364067078
01411300,0.7636785507202148
01413500,0.6165667772293091
01414500,0.4771418571472168
01415000,0.6480068564414978
01423000,0.551618218421936
01434025,0.5781848430633545
01435000,0.5182487964630127
01439500,0.7030643224716187
01440000,0.6828781366348267
01440400,0.5978050231933594
01451800,0.6644341349601746
01466500,0.7634385824203491
01484100,0.5835109949111938
01487000,0.8445680737495422
01491000,0.6898171901702881
01510000,0.6334587335586548
01516500,0.4998543858528137
01518862,0.500738799571991
01532000,0.437744677066803
01539000,0.6696135997772217
01542810,0.5778946876525879
01543000,0.6770007610321045
01543500,0.8201689124107361
01544500,0.7698703408241272
01545600,0.8243907690048218
01547700,0.6246330738067627
01548500,0.79166179895401
01549500,0.7206058502197266
01550000,0.776078462600708
01552000,0.5671774744987488
01552500,0.6645920872688293
01557500,0.6800174713134766
01567500,0.6447605490684509
01568000,0.669662356376648
01580000,0.5062297582626343
01583500,0.3799578547477722
01586610,0.5179411172866821
01591400,0.22917306423187256
01594950,0.7850497961044312
01596500,0.6790041923522949
01605500,0.47130876779556274
01606500,0.6927704811096191
01632000,0.40184485912323
01632900,0.5386720895767212
01634500,0.4970628023147583
01638480,0.15768122673034668
01639500,0.55088210105896
01644000,0.5340191125869751
01664000,0.6175582408905029
01666500,0.6444801092147827
01667500,0.6947653293609619
01669000,0.7582247853279114
01669520,0.8506636619567871
02011400,0.7523432970046997
02013000,0.8016195297241211
02014000,0.7327783703804016
02015700,0.44066137075424194
02016000,0.6695813536643982
02017500,0.6274247169494629
02018000,0.722819447517395
02027000,0.6953979134559631
02027500,0.6884386539459229
02028500,0.716004490852356
02038850,0.522044837474823
02046000,0.7199816107749939
02051500,0.659953236579895
02053200,0.8185811638832092
02053800,0.7796799540519714
02055100,0.656929075717926
02056900,0.6473460793495178
02059500,0.6644561290740967
02064000,0.6499847173690796
02065500,0.34038811922073364
02069700,0.5104854702949524
02070000,0.44964689016342163
02074500,0.38113701343536377
02077200,0.608230710029602
02081500,0.3903859853744507
02082950,0.7454718351364136
02092500,0.850058913230896
02096846,0.19854700565338135
02102908,0.4861522316932678
02108000,0.8555278778076172
02111180,0.4523922801017761
02111500,0.4699477553367615
02112120,0.42016667127609253
02112360,0.622003436088562
02118500,0.38204437494277954
02125000,0.4146307110786438
02128000,0.340401291847229
02137727,0.6761444807052612
02140991,0.5739575624465942
02143000,0.5206743478775024
02143040,0.4564123749732971
02149000,0.6005449295043945
02152100,0.45465803146362305
02177000,0.7364287376403809
02178400,0.6984321475028992
02193340,0.4473639130592346
02196000,0.4864928722381592
02198100,0.602632999420166
02202600,0.7981818318367004
02212600,0.5767362713813782
02215100,0.7221229076385498
02216180,0.6570538282394409
02221525,0.7394570112228394
02231000,0.8826109170913696
02245500,0.19323205947875977
02246000,0.7614006996154785
02296500,-0.1725677251815796
02297155,-10.168929100036621
02297310,-3.1922192573547363
02298123,0.26514387130737305
02298608,-0.030277729034423828
02299950,0.4816846251487732
02300700,0.2243017554283142
02342933,0.11037033796310425
02349900,0.6137120723724365
02350900,0.8582764863967896
02361000,0.5369173884391785
02363000,0.7695328593254089
02369800,0.6300488710403442
02371500,0.27597707509994507
02372250,-0.6840957403182983
02374500,0.3715744614601135
02381600,0.4401494264602661
02384540,0.672188401222229
02395120,0.3799999952316284
02415000,0.5773318409919739
02427250,0.331490695476532
02430085,0.5011524558067322
02450250,0.5197628736495972
02464000,0.5652531981468201
02464360,0.3726017475128174
02465493,0.3050426244735718
02469800,0.6194504499435425
02472000,0.6548827886581421
02472500,0.6839078664779663
02479155,0.5382933616638184
02479300,0.6622714996337891
02479560,0.6614483594894409
02481000,0.34931129217147827
02481510,0.5866653323173523
03010655,0.7499685287475586
03011800,0.7616950273513794
03015500,0.70499587059021
03021350,0.5270757675170898
03026500,0.7620376944541931
03028000,0.7724986672401428
03049000,0.806431233882904
03049800,0.5659927129745483
03050000,0.695976972579956
03069500,0.7131421566009521
03070500,0.7551305890083313
03076600,0.6592167615890503
03078000,0.6527931690216064
03140000,0.6290140151977539
03144000,0.6861830949783325
03170000,0.7052711844444275
03173000,0.7237430810928345
03180500,0.6982883214950562
03182500,0.7176290154457092
03186500,0.6683456897735596
03237280,0.3054409623146057
03237500,0.45436418056488037
03238500,0.4260979890823364
03241500,0.7229138612747192
03280700,0.53731769323349
03281500,0.7110011577606201
03285000,0.6507260799407959
03291780,0.25587719678878784
03338780,0.5682682991027832
03340800,0.6253795623779297
03346000,0.6919668912887573
03364500,0.5816497802734375
03366500,0.5520507097244263
03368000,0.38972240686416626
03384450,0.17500382661819458
03439000,0.6378999948501587
03455500,0.3478546738624573
03456500,0.5017434358596802
03460000,0.8009485006332397
03463300,0.6101523637771606
03471500,0.5957341194152832
03473000,0.7476849555969238
03479000,0.3297985792160034
03488000,0.6006962060928345
03498500,0.7372516393661499
03500000,0.6971403360366821
03500240,0.5002216100692749
03504000,0.7130092978477478
03574500,0.6885823011398315
03592718,0.2433713674545288
03604000,0.7740792632102966
04015330,0.4823722839355469
04024430,0.6452369689941406
04027000,0.7464028596878052
04040500,0.7290364503860474
04043050,0.805240273475647
04045500,0.883224368095398
04057510,0.7528544664382935
04057800,0.5732537508010864
04059500,0.8075945973396301
04063700,0.7746137380599976
04074950,0.840030312538147
04105700,0.3017127513885498
04115265,0.5945372581481934
04122200,0.6743346452713013
04122500,0.57890784740448
04127918,0.6179503202438354
04127997,0.7781473398208618
04161580,0.6018431782722473
04185000,0.636715292930603
04196800,0.671747088432312
04197100,0.5297322869300842
04197170,0.6321505308151245
04213000,0.49153780937194824
04213075,0.1502029299736023
04216418,0.6150741577148438
04221000,0.5687791705131531
04224775,0.6921871304512024
04233000,0.6480933427810669
04256000,0.7803467512130737
04296000,0.7210653424263
05057200,0.3565220832824707
05120500,-5.122657775878906
05291000,0.2551431655883789
05362000,0.7909606099128723
05393500,0.8458082675933838
05399500,0.5138627886772156
05408000,0.8334236145019531
05413500,0.5918023586273193
05414000,0.4531537890434265
05444000,0.3758155107498169
05454000,0.3455953598022461
05458000,0.5525267720222473
05466500,0.49022167921066284
05487980,0.5976173877716064
05488200,0.47921693325042725
05489000,0.574333667755127
05495000,0.5399599671363831
05495500,0.5742642283439636
05501000,0.5710721015930176
05503800,0.7460538744926453
05507600,0.6287968158721924
05508805,0.36943042278289795
05525500,0.7834838628768921
05556500,0.6017829179763794
05584500,0.23418068885803223
05591550,0.4067111611366272
05592050,0.5466701984405518
05592575,0.3248233199119568
05593575,0.6330347061157227
05593900,0.33195406198501587
05595730,0.6296193599700928
06221400,0.8991191387176514
06224000,0.8719194531440735
06278300,0.734429121017456
06280300,0.8204273581504822
06289000,0.38907259702682495
06291500,0.5326298475265503
06311000,0.6691588759422302
06332515,0.25776493549346924
06339100,0.5920643210411072
06344600,0.44208604097366333
06350000,-0.1419295072555542
06352000,-0.021458983421325684
06404000,0.43358850479125977
06406000,0.025208234786987305
06409000,-2.4503464698791504
06431500,0.2945958971977234
06440200,0.42492759227752686
06447500,0.2877550721168518
06470800,0.6072244048118591
06477500,0.017629683017730713
06479215,-0.0007722377777099609
06601000,0.42522579431533813
06614800,0.7972710728645325
06622700,0.7186114192008972
06623800,0.7891710996627808
06632400,0.7391572594642639
06746095,0.6443551778793335
06803510,0.4613717198371887
06803530,0.6205282211303711
06814000,0.5541778802871704
06847900,0.10823267698287964
06853800,0.08985400199890137
06876700,0.5036188960075378
06878000,0.7536343336105347
06879650,0.5410197973251343
06885500,0.5338941216468811
06888500,0.5232219696044922
06889200,0.43917346000671387
06889500,0.5555485486984253
06892000,0.7383831739425659
06903400,0.571092963218689
06906800,0.5000730752944946
06910800,0.4389994144439697
06911900,0.5088067054748535
06917000,0.6166993379592896
06918460,0.42177867889404297
06919500,0.6588573455810547
06921070,0.4337006211280823
06921200,0.464913547039032
07057500,0.7995026111602783
07060710,0.4824589490890503
07066000,0.69036865234375
07083000,0.846073567867279
07142300,0.1236572265625
07145700,0.4951264262199402
07167500,0.32259809970855713
07180500,0.35500454902648926
07184000,0.5834968090057373
07195800,0.3596689701080322
07196900,0.5292211771011353
07197000,0.7721238136291504
07208500,0.4122614860534668
07261000,0.6805645227432251
07263295,0.5583826303482056
07291000,0.33434200286865234
07299670,0.28529858589172363
07301410,0.03650534152984619
07315200,0.3807257413864136
07315700,0.6542110443115234
07335700,0.4610564708709717
07340300,0.6353323459625244
07346045,0.7755028009414673
07359610,0.6618789434432983
07362100,0.6526210308074951
07362587,0.16102057695388794
07375000,0.5619439482688904
08013000,0.8419965505599976
08014500,0.653378427028656
08023080,0.4958164691925049
08050800,0.3966907262802124
08066200,0.2401687502861023
08066300,0.6612817049026489
08070000,0.6277400255203247
08070200,0.7057734727859497
08082700,0.1001516580581665
08086212,0.4223412871360779
08086290,0.728991687297821
08101000,0.6738815307617188
08103900,0.6174829602241516
08104900,0.2426689863204956
08109700,0.4184982180595398
08150800,-0.9257164001464844
08158700,0.5995126962661743
08158810,0.49775320291519165
08164300,0.5063427686691284
08164600,0.4284594655036926
08165300,-2.1648640632629395
08171300,0.5644747018814087
08175000,0.4410601258277893
08176900,0.2812168002128601
08178880,0.6694016456604004
08189500,-0.3719356060028076
08190000,0.45953214168548584
08190500,0.05278360843658447
08194200,0.3570278286933899
08195000,0.5050827264785767
08196000,0.3376316428184509
08198500,0.19210582971572876
08200000,0.38406163454055786
08202700,0.12921154499053955
08267500,-0.029782772064208984
08269000,0.2218605875968933
08271000,0.3986660838127136
08324000,0.6092462539672852
08377900,0.8381410837173462
08378500,0.8250448703765869
08380500,0.3073003888130188
09035800,0.7961053252220154
09035900,0.8982862830162048
09047700,0.8787822723388672
09065500,0.9272080659866333
09066000,0.9223102927207947
09066200,0.8664199113845825
09066300,0.7276906967163086
09081600,0.900512158870697
09107000,0.9211282134056091
09210500,0.7264974117279053
09223000,0.8561959266662598
09306242,0.08769607543945312
09312600,0.6733294725418091
09352900,0.6554148197174072
09378170,-1.3074631690979004
09386900,0.0193139910697937
09404450,-0.01698625087738037
09430600,0.033290982246398926
09447800,-0.5147788524627686
09484600,0.0985150933265686
09492400,0.4638049006462097
09494000,0.40616410970687866
09497980,0.4992281198501587
09505350,0.24675822257995605
09505800,0.4872850179672241
09508300,0.08110040426254272
09510200,0.37479400634765625
09512280,0.1570206880569458
09513780,0.08735883235931396
10234500,0.568273663520813
10244950,-1.5976190567016602
10259000,0.40756523609161377
10336645,0.6353656649589539
10336660,0.8894901871681213
10343500,-0.2532038688659668
11124500,0.4816185235977173
11141280,0.3434295654296875
11143000,0.5418884754180908
11148900,0.43217915296554565
11151300,0.5627051591873169
11176400,0.4088932275772095
11230500,0.6321456432342529
11237500,0.8329344987869263
11264500,0.8646189570426941
11266500,0.9035677313804626
11284400,0.45200997591018677
11381500,0.6632621884346008
11451100,0.7440263032913208
11468500,0.8068773746490479
11473900,0.6799651384353638
11475560,0.684259295463562
11476600,0.8261336088180542
11478500,0.5239037275314331
11480390,0.2746031880378723
11481200,0.768696665763855
11482500,0.864332914352417
11522500,0.7657322287559509
11523200,0.7086806297302246
11528700,0.7748721837997437
11532500,0.8490865230560303
12010000,0.7896662354469299
12013500,0.7867922782897949
12020000,0.2770593762397766
12025700,0.7550541758537292
12035000,0.7596591711044312
12040500,0.40096092224121094
12041200,0.5722532272338867
12048000,0.6789759397506714
12054000,0.7037745714187622
12056500,0.49181634187698364
12073500,0.598696231842041
12082500,0.5717509984970093
12092000,0.5588032007217407
12114500,0.6391966938972473
12115000,0.5992953777313232
12117000,0.713043212890625
12143600,0.5918446779251099
12144000,0.6481421589851379
12145500,0.7081290483474731
12147500,0.6046827435493469
12167000,0.5932615995407104
12175500,0.8027095794677734
12178100,0.6741073727607727
12186000,0.5872281789779663
12189500,0.6160933971405029
12375900,0.8348264098167419
12377150,0.9152087569236755
12381400,0.887865424156189
12383500,0.8632944822311401
12390700,0.8007939457893372
12411000,0.6125364303588867
12447390,0.6997170448303223
12451000,0.8507800102233887
12488500,0.7938796281814575
13011500,0.8712891340255737
13011900,0.7908496856689453
13018300,0.4561976194381714
13023000,0.8843857049942017
13161500,0.8791351318359375
13235000,0.7947151064872742
13240000,0.8344342708587646
13313000,0.8865203261375427
13331500,0.7919686436653137
14020000,0.3778424859046936
14096850,0.24719643592834473
14137000,0.6757588386535645
14138800,0.2568926215171814
14138870,0.6531694531440735
14138900,0.5047565698623657
14139800,0.5195549130439758
14141500,0.619795560836792
14154500,0.6804697513580322
14158790,0.5732892155647278
14166500,0.8600848317146301
14182500,0.639573872089386
14185000,0.7966296672821045
14185900,0.7116339206695557
14187000,0.8437556028366089
14216500,0.7376859188079834
14222500,0.740667998790741
14236200,0.6164478063583374
14301000,0.8731122612953186
14303200,0.6825897693634033
14305500,0.7213351130485535
14306340,0.8120842576026917
14306500,0.8639251589775085
14308990,0.8316083550453186
14309500,0.7450883984565735
14316700,0.6111770868301392
14325000,0.7819201350212097
14362250,0.5362002849578857
14400000,0.7462856769561768
DL01_TABLE_END
=== K. DT08 EPOCH-30 VALIDATION TABLE (full) ===
basin,NSE
01022500,0.6361773014068604
01031500,0.5914363265037537
01047000,0.6225590705871582
01052500,0.6928720474243164
01054200,0.3774830102920532
01055000,0.5576716661453247
01057000,0.5555576086044312
01073000,0.37717515230178833
01078000,0.6069422960281372
01123000,0.49139732122421265
01134500,0.5722328424453735
01137500,0.6566407680511475
01139000,0.6883080005645752
01139800,0.7228367328643799
01142500,0.6190598011016846
01144000,0.7028173208236694
01162500,0.6019644737243652
01169000,0.47387391328811646
01170100,0.5680618286132812
01181000,0.27817803621292114
01187300,0.25600820779800415
01195100,0.4145805835723877
01333000,0.41884976625442505
01350000,0.34773099422454834
01350080,0.17108923196792603
01350140,0.29400813579559326
01365000,0.36612117290496826
01411300,0.2329140305519104
01413500,0.3861563205718994
01414500,0.35166341066360474
01415000,0.47357189655303955
01423000,0.5491894483566284
01434025,0.1855250597000122
01435000,0.34142065048217773
01439500,0.5849295854568481
01440000,0.37666141986846924
01440400,0.44521039724349976
01451800,0.45426660776138306
01466500,0.8105480074882507
01484100,0.4960680603981018
01487000,0.6651036739349365
01491000,0.45579421520233154
01510000,0.44031429290771484
01516500,0.16161692142486572
01518862,0.35574889183044434
01532000,0.36189430952072144
01539000,0.4632551670074463
01542810,0.38174980878829956
01543000,0.5230011940002441
01543500,0.5710815191268921
01544500,0.5863258838653564
01545600,0.7148764133453369
01547700,0.34222692251205444
01548500,0.5756746530532837
01549500,0.4543933868408203
01550000,0.5038955807685852
01552000,0.4718758463859558
01552500,0.3240964412689209
01557500,0.5523377656936646
01567500,0.0713765025138855
01568000,0.4974265694618225
01580000,0.24492818117141724
01583500,0.130812406539917
01586610,0.34343671798706055
01591400,0.15170741081237793
01594950,0.579207181930542
01596500,0.49896347522735596
01605500,0.4508175253868103
01606500,0.510404109954834
01632000,0.3629264831542969
01632900,0.5878372192382812
01634500,0.24786710739135742
01638480,0.17028862237930298
01639500,0.346152663230896
01644000,0.2272127866744995
01664000,0.5236127972602844
01666500,-0.23641860485076904
01667500,-0.10813784599304199
01669000,0.5626559257507324
01669520,0.7692395448684692
02011400,0.5529282093048096
02013000,0.38974738121032715
02014000,0.5402371883392334
02015700,0.4401875138282776
02016000,0.5903456807136536
02017500,0.546910285949707
02018000,0.6138948202133179
02027000,0.6667457818984985
02027500,0.5504181385040283
02028500,0.5844960808753967
02038850,0.22543025016784668
02046000,0.467947781085968
02051500,0.6158031225204468
02053200,0.5969940423965454
02053800,0.6714204549789429
02055100,0.5741451382637024
02056900,0.5694422721862793
02059500,0.534679114818573
02064000,0.18133997917175293
02065500,-0.003632783889770508
02069700,0.23582959175109863
02070000,0.3244561553001404
02074500,0.16935133934020996
02077200,0.35750812292099
02081500,0.3934907913208008
02082950,0.6772754192352295
02092500,0.7017714381217957
02096846,0.1284184455871582
02102908,0.26801764965057373
02108000,0.8090165853500366
02111180,0.40131044387817383
02111500,0.34324729442596436
02112120,0.27856218814849854
02112360,0.3486934304237366
02118500,0.2908591628074646
02125000,0.29425275325775146
02128000,0.22183704376220703
02137727,0.4151954650878906
02140991,0.5327926874160767
02143000,0.3608761429786682
02143040,0.31429946422576904
02149000,0.4588777422904968
02152100,0.33132481575012207
02177000,0.47913825511932373
02178400,0.5316246151924133
02193340,0.33693814277648926
02196000,0.5264396071434021
02198100,0.5050467848777771
02202600,0.7842665910720825
02212600,0.37369829416275024
02215100,0.748481273651123
02216180,0.5772560834884644
02221525,0.49779754877090454
02231000,0.8159769177436829
02245500,0.5057723522186279
02246000,0.822433352470398
02296500,0.2106509804725647
02297155,-22.2316951751709
02297310,-2.146362543106079
02298123,0.34782326221466064
02298608,0.29559677839279175
02299950,0.39202529191970825
02300700,0.043222129344940186
02342933,0.17866677045822144
02349900,0.5741780996322632
02350900,0.7804276943206787
02361000,0.7077236175537109
02363000,0.8111903667449951
02369800,-0.6245541572570801
02371500,0.47793030738830566
02372250,0.45119279623031616
02374500,0.3244513273239136
02381600,-0.22606241703033447
02384540,0.5692154169082642
02395120,-0.678755521774292
02415000,0.42108774185180664
02427250,0.4402235746383667
02430085,0.416376531124115
02450250,0.5065239667892456
02464000,0.4043959379196167
02464360,0.3802666664123535
02465493,-1.7827982902526855
02469800,0.5982271432876587
02472000,0.7056931853294373
02472500,0.5580773949623108
02479155,0.4365038275718689
02479300,0.6774680614471436
02479560,0.7016295194625854
02481000,0.42988455295562744
02481510,0.5306119918823242
03010655,0.5983575582504272
03011800,0.5065902471542358
03015500,0.4165486693382263
03021350,0.28810298442840576
03026500,0.5261588096618652
03028000,0.5336552858352661
03049000,0.5260998010635376
03049800,0.34479284286499023
03050000,0.41306358575820923
03069500,0.47856301069259644
03070500,0.41675031185150146
03076600,0.4273163080215454
03078000,0.4672465920448303
03140000,0.28114426136016846
03144000,0.3566850423812866
03170000,0.6633000373840332
03173000,0.5727358460426331
03180500,0.4833086133003235
03182500,0.4821864366531372
03186500,0.4481620192527771
03237280,0.2721136212348938
03237500,0.21307218074798584
03238500,0.29069966077804565
03241500,0.47036808729171753
03280700,0.29124873876571655
03281500,0.5828605890274048
03285000,0.6300452947616577
03291780,0.22486603260040283
03338780,0.03689265251159668
03340800,0.44102591276168823
03346000,0.47115325927734375
03364500,0.23479712009429932
03366500,0.2829080820083618
03368000,0.13510054349899292
03384450,0.1956852674484253
03439000,0.5541454553604126
03455500,0.30161964893341064
03456500,0.4318313002586365
03460000,0.7027891874313354
03463300,0.345584511756897
03471500,0.5722039937973022
03473000,0.6196410655975342
03479000,0.3682382106781006
03488000,0.49410027265548706
03498500,0.5947960019111633
03500000,0.4086379408836365
03500240,0.4309659004211426
03504000,0.41505587100982666
03574500,0.6266945004463196
03592718,0.13585728406906128
03604000,0.6261248588562012
04015330,0.542527437210083
04024430,0.5017678737640381
04027000,0.3342556357383728
04040500,0.5238960981369019
04043050,0.5822277069091797
04045500,0.828342080116272
04057510,0.6394996643066406
04057800,0.3787001967430115
04059500,0.5739785432815552
04063700,0.3906996250152588
04074950,0.7393697500228882
04105700,0.6120651960372925
04115265,0.5609760284423828
04122200,0.7670745849609375
04122500,0.7169259786605835
04127918,0.21342593431472778
04127997,0.6212335824966431
04161580,0.6009900569915771
04185000,0.5909734964370728
04196800,0.3668646216392517
04197100,0.4398038387298584
04197170,0.16509532928466797
04213000,0.37911075353622437
04213075,0.19427067041397095
04216418,0.2566679120063782
04221000,0.5016381740570068
04224775,0.3956904411315918
04233000,0.3702429533004761
04256000,0.6044174432754517
04296000,0.6790221929550171
05057200,0.2749544382095337
05120500,-46.200477600097656
05291000,0.06264078617095947
05362000,0.8136051893234253
05393500,0.7496058344841003
05399500,0.5945887565612793
05408000,0.5013208985328674
05413500,0.5687987804412842
05414000,0.47786039113998413
05444000,0.23972684144973755
05454000,0.2849794626235962
05458000,0.5227558612823486
05466500,0.5102025270462036
05487980,0.44929540157318115
05488200,0.2523465156555176
05489000,0.21395635604858398
05495000,0.5627946853637695
05495500,0.08858692646026611
05501000,0.3034246563911438
05503800,0.37073826789855957
05507600,0.2042115330696106
05508805,0.016020238399505615
05525500,0.18582552671432495
05556500,0.20895051956176758
05584500,-0.26124536991119385
05591550,0.2526259422302246
05592050,0.0720406174659729
05592575,0.16432428359985352
05593575,0.3562862277030945
05593900,0.0675002932548523
05595730,0.2886192202568054
06221400,0.9041998386383057
06224000,0.9054158329963684
06278300,0.7024483680725098
06280300,0.8205009698867798
06289000,0.4918000102043152
06291500,0.5989672541618347
06311000,0.7475006580352783
06332515,-1.1911566257476807
06339100,-0.03613913059234619
06344600,-0.7660101652145386
06350000,-1.0888285636901855
06352000,0.025606215000152588
06404000,0.5709720849990845
06406000,0.042872488498687744
06409000,-4.659873008728027
06431500,0.45964574813842773
06440200,0.22117865085601807
06447500,-0.12486958503723145
06470800,0.7259563207626343
06477500,-0.496038556098938
06479215,-0.9897340536117554
06601000,-2.052838087081909
06614800,0.8425862193107605
06622700,0.7422420978546143
06623800,0.8010976910591125
06632400,0.8124627470970154
06746095,0.6861424446105957
06803510,0.26846855878829956
06803530,0.2819446325302124
06814000,0.3016774654388428
06847900,-0.3676481246948242
06853800,0.15372872352600098
06876700,0.47975605726242065
06878000,0.5787289142608643
06879650,-0.13272249698638916
06885500,0.29544001817703247
06888500,0.4568512439727783
06889200,0.34103071689605713
06889500,0.4187508821487427
06892000,0.49310970306396484
06903400,0.5053853988647461
06906800,0.3109656572341919
06910800,0.3925536870956421
06911900,0.35826826095581055
06917000,0.4664631485939026
06918460,-0.061997056007385254
06919500,0.5405950546264648
06921070,0.30916208028793335
06921200,0.28139394521713257
07057500,0.3208153247833252
07060710,0.28769880533218384
07066000,0.16105347871780396
07083000,0.850516676902771
07142300,-1.0336692333221436
07145700,0.2159423828125
07167500,0.2974676489830017
07180500,0.1994335651397705
07184000,0.4388689398765564
07195800,0.10840898752212524
07196900,0.3245488405227661
07197000,0.12999224662780762
07208500,0.17288482189178467
07261000,0.4117245674133301
07263295,0.23696625232696533
07291000,0.4456145763397217
07299670,0.10108667612075806
07301410,-0.20627105236053467
07315200,0.3867466449737549
07315700,0.5491045117378235
07335700,0.3201891779899597
07340300,0.31701958179473877
07346045,0.6142574548721313
07359610,0.22016841173171997
07362100,0.26648491621017456
07362587,0.13980621099472046
07375000,0.37602996826171875
08013000,0.6665792465209961
08014500,0.5364761352539062
08023080,0.08345264196395874
08050800,-0.06826019287109375
08066200,0.32822006940841675
08066300,0.7244832515716553
08070000,0.696354329586029
08070200,0.6874219179153442
08082700,0.14352840185165405
08086212,0.3160325288772583
08086290,0.5136584639549255
08101000,0.31884539127349854
08103900,0.3567003607749939
08104900,0.14774829149246216
08109700,0.5254580974578857
08150800,-0.23180603981018066
08158700,0.2918561100959778
08158810,0.1687377691268921
08164300,0.47493720054626465
08164600,0.3601471781730652
08165300,-7.993474960327148
08171300,0.5112395882606506
08175000,0.3038647770881653
08176900,0.2229548692703247
08178880,0.24289649724960327
08189500,0.26105189323425293
08190000,0.15774130821228027
08190500,0.12262004613876343
08194200,0.11489707231521606
08195000,-0.14314162731170654
08196000,-1.215230941772461
08198500,-0.013003945350646973
08200000,-0.059339284896850586
08202700,-0.1113671064376831
08267500,0.12175875902175903
08269000,0.20127320289611816
08271000,0.3376007080078125
08324000,0.5964951515197754
08377900,0.7554101943969727
08378500,0.7273727655410767
08380500,0.24102818965911865
09035800,0.46930116415023804
09035900,0.8516679406166077
09047700,0.808894157409668
09065500,0.855032205581665
09066000,0.8190447092056274
09066200,0.8734759092330933
09066300,0.8627650141716003
09081600,0.8827325105667114
09107000,0.8202872276306152
09210500,0.6602274179458618
09223000,0.7914765477180481
09306242,-1.7551488876342773
09312600,0.7112590074539185
09352900,0.6807948350906372
09378170,0.21441882848739624
09386900,-0.13621079921722412
09404450,-0.3700437545776367
09430600,0.02582496404647827
09447800,-7.527803421020508
09484600,-0.16405975818634033
09492400,0.620936393737793
09494000,0.32407456636428833
09497980,0.367196261882782
09505350,0.19162511825561523
09505800,0.2607455849647522
09508300,0.05424702167510986
09510200,0.17685747146606445
09512280,0.02863413095474243
09513780,0.0415034294128418
10234500,0.383694589138031
10244950,-1.1974561214447021
10259000,0.37290143966674805
10336645,0.7604748606681824
10336660,0.8881139755249023
10343500,-0.8106999397277832
11124500,0.38026994466781616
11141280,-0.08913862705230713
11143000,0.2226746678352356
11148900,0.3888610601425171
11151300,0.4167745113372803
11176400,0.37966883182525635
11230500,0.6517219543457031
11237500,0.7482044696807861
11264500,0.8249566555023193
11266500,0.8159603476524353
11284400,0.2781912088394165
11381500,0.38113003969192505
11451100,0.3035274147987366
11468500,0.5650946497917175
11473900,0.543391227722168
11475560,0.5143830180168152
11476600,0.5125153660774231
11478500,0.41410505771636963
11480390,-0.011730074882507324
11481200,0.6115545034408569
11482500,0.8086668848991394
11522500,0.6519335508346558
11523200,0.6242091059684753
11528700,-0.33039164543151855
11532500,0.7017698287963867
12010000,0.6308532953262329
12013500,0.6768407225608826
12020000,0.2010098099708557
12025700,0.5621346831321716
12035000,0.6855849027633667
12040500,0.47181636095046997
12041200,0.3577538728713989
12048000,0.5513778924942017
12054000,0.3526930809020996
12056500,0.41324931383132935
12073500,0.44894981384277344
12082500,0.36955559253692627
12092000,0.3657364249229431
12114500,0.38012558221817017
12115000,0.36457639932632446
12117000,0.5025948286056519
12143600,0.3182377219200134
12144000,0.3760436177253723
12145500,0.557374119758606
12147500,0.29584383964538574
12167000,0.3795471787452698
12175500,0.6730176210403442
12178100,0.3959648013114929
12186000,0.3361963629722595
12189500,0.44252073764801025
12375900,0.8341308236122131
12377150,0.8761812448501587
12381400,0.8878239989280701
12383500,0.9353699088096619
12390700,0.8559404015541077
12411000,0.6265808343887329
12447390,0.7883065342903137
12451000,0.7655676603317261
12488500,0.6586239337921143
13011500,0.8415420055389404
13011900,0.7509956359863281
13018300,0.485130250453949
13023000,0.8669130206108093
13161500,0.889400064945221
13235000,0.766019344329834
13240000,0.864057719707489
13313000,0.8945323824882507
13331500,0.791862964630127
14020000,0.42483651638031006
14096850,0.0257493257522583
14137000,0.544126570224762
14138800,0.3785327672958374
14138870,0.38994330167770386
14138900,0.35031741857528687
14139800,0.39606529474258423
14141500,0.4866912364959717
14154500,0.5983660221099854
14158790,0.5027798414230347
14166500,0.786135733127594
14182500,0.4019724726676941
14185000,0.636555016040802
14185900,0.5109993815422058
14187000,0.7285103797912598
14216500,0.5865703225135803
14222500,0.5630736351013184
14236200,0.4446982741355896
14301000,0.7979059219360352
14303200,0.5975310802459717
14305500,0.6479648351669312
14306340,0.7186500430107117
14306500,0.8324069976806641
14308990,0.5707956552505493
14309500,0.653868556022644
14316700,0.5749452710151672
14325000,0.5041848421096802
14362250,0.37724459171295166
14400000,0.6354029774665833
DT08_TABLE_END
=== L. DT08 CONTROL RE-VERIFICATION ===
215879|id31_development|COMPLETED|0:0|12:33:52|2026-08-29T09:08:01
215879.batch|batch|COMPLETED|0:0|12:33:52|2026-08-29T09:08:01
215879.extern|extern|COMPLETED|0:0|12:33:52|2026-08-29T09:08:01
732eb614a7063b978003aa1cc32f4614546b4a3065882b6b2c069412ac53c70b  /data1/home/sunyiq/id31_hydrologic_dynamic_tokens_20260828/repo/results/31_hydrologic_dynamic_tokens/DT08/hydrologic_dynamic_tokens_DT08_fixed_08_s100_2026_0828_2034_ep30/model_epoch030.pt
2f5420df782a3565f33d31fd800723dd378c2bad96b3fc496eb067ff5a3dee72  /data1/home/sunyiq/id31_hydrologic_dynamic_tokens_20260828/repo/results/31_hydrologic_dynamic_tokens/DT08/hydrologic_dynamic_tokens_DT08_fixed_08_s100_2026_0828_2034_ep30/validation/model_epoch030/validation_metrics.csv
=== M. PRESERVED FAILED RUN 215880 ===
215880|FAILED|1:0|01:23:03|2026-08-28T21:58:12
215880.batch|FAILED|1:0|01:23:03|2026-08-28T21:58:12
215880.extern|COMPLETED|0:0|01:23:04|2026-08-28T21:58:13
31a5978ab9169b96e23d034b519669c87798b4be54adff83a31c7883fe770350  /data1/home/sunyiq/id31_hydrologic_dynamic_tokens_20260828/repo/results/31_hydrologic_dynamic_tokens/_invocations/id31_DL01_s100_slurm215880/run_manifest.json
ID31_SEQ68_AUDIT_COMPLETE
### ---------- end ----------
### exit_code=0
### finished=2026-09-02T15:19:13+0800
