### channel=id32-transformer-inductive-bias seq=5
### host=login4
### started=2026-09-03T03:10:25+0800
### ---------- output ----------
=== A. SACCT ===
     JobID      JobName        State ExitCode    Elapsed   NodeList 
---------- ------------ ------------ -------- ---------- ---------- 
    218680     id32_R01    COMPLETED      0:0   05:47:18     ngu005 
    218681     id32_T02    COMPLETED      0:0   05:56:11     ngu004 
    218682     id32_T03    COMPLETED      0:0   06:52:46     ngu004 
    218683     id32_T04      RUNNING      0:0   05:48:19     ngu006 
    218684     id32_T05      RUNNING      0:0   04:50:50     ngu007 
    218685     id32_L01    COMPLETED      0:0   01:15:17     ngu005 
=== B. MANIFEST ===
--- R01 manifest=/data1/home/sunyiq/id32_transformer_inductive_bias_20260902/repo/results/32_transformer_inductive_bias/_invocations/id32_R01_s100_slurm218680/run_manifest.json
      "status": "PASS",
    "status": "PASS",
      "status": "PASS",
    "status": "PASS",
    "status": "PASS",
  "status": "COMPLETE",
  "training_return_code": 0
--- T02 manifest=/data1/home/sunyiq/id32_transformer_inductive_bias_20260902/repo/results/32_transformer_inductive_bias/_invocations/id32_T02_s100_slurm218681/run_manifest.json
      "status": "PASS",
    "status": "PASS",
      "status": "PASS",
    "status": "PASS",
    "status": "PASS",
  "status": "COMPLETE",
  "training_return_code": 0
--- T03 manifest=/data1/home/sunyiq/id32_transformer_inductive_bias_20260902/repo/results/32_transformer_inductive_bias/_invocations/id32_T03_s100_slurm218682/run_manifest.json
      "status": "PASS",
    "status": "PASS",
      "status": "PASS",
    "status": "PASS",
    "status": "PASS",
  "status": "COMPLETE",
  "training_return_code": 0
--- T04 manifest=/data1/home/sunyiq/id32_transformer_inductive_bias_20260902/repo/results/32_transformer_inductive_bias/_invocations/id32_T04_s100_slurm218683/run_manifest.json
      "status": "PASS",
    "status": "PASS",
  "status": "RUNNING"
--- T05 manifest=/data1/home/sunyiq/id32_transformer_inductive_bias_20260902/repo/results/32_transformer_inductive_bias/_invocations/id32_T05_s100_slurm218684/run_manifest.json
      "status": "PASS",
    "status": "PASS",
  "status": "RUNNING"
--- L01 manifest=/data1/home/sunyiq/id32_transformer_inductive_bias_20260902/repo/results/32_transformer_inductive_bias/_invocations/id32_L01_s100_slurm218685/run_manifest.json
      "status": "PASS",
    "status": "PASS",
      "status": "PASS",
    "status": "PASS",
    "status": "PASS",
  "status": "COMPLETE",
  "training_return_code": 0
=== C. PROGRESS ===
--- R01 dir=/data1/home/sunyiq/id32_transformer_inductive_bias_20260902/repo/results/32_transformer_inductive_bias/_invocations/id32_R01_s100_slurm218680
data_access.jsonl
run_manifest.json
--- T02 dir=/data1/home/sunyiq/id32_transformer_inductive_bias_20260902/repo/results/32_transformer_inductive_bias/_invocations/id32_T02_s100_slurm218681
data_access.jsonl
run_manifest.json
--- T03 dir=/data1/home/sunyiq/id32_transformer_inductive_bias_20260902/repo/results/32_transformer_inductive_bias/_invocations/id32_T03_s100_slurm218682
data_access.jsonl
run_manifest.json
--- T04 dir=/data1/home/sunyiq/id32_transformer_inductive_bias_20260902/repo/results/32_transformer_inductive_bias/_invocations/id32_T04_s100_slurm218683
data_access.jsonl
run_manifest.json
--- T05 dir=/data1/home/sunyiq/id32_transformer_inductive_bias_20260902/repo/results/32_transformer_inductive_bias/_invocations/id32_T05_s100_slurm218684
data_access.jsonl
run_manifest.json
--- L01 dir=/data1/home/sunyiq/id32_transformer_inductive_bias_20260902/repo/results/32_transformer_inductive_bias/_invocations/id32_L01_s100_slurm218685
data_access.jsonl
run_manifest.json
=== D. ARM VALIDATION TABLES ===
<<<BEGIN R01 /data1/home/sunyiq/id32_transformer_inductive_bias_20260902/repo/results/32_transformer_inductive_bias/R01/transformer_inductive_bias_R01_2026_0902_2010_ep30/validation/model_epoch030/validation_metrics.csv
basin,NSE
01022500,0.7951247096061707
01031500,0.815273106098175
01047000,0.7860826849937439
01052500,0.8545643091201782
01054200,0.6347184181213379
01055000,0.6755749583244324
01057000,0.735914409160614
01073000,0.7470649480819702
01078000,0.8270043730735779
01123000,0.8018354177474976
01134500,0.7523975372314453
01137500,0.6719251871109009
01139000,0.785591185092926
01139800,0.8118455410003662
01142500,0.7110798358917236
01144000,0.7838534116744995
01162500,0.6344835758209229
01169000,0.7456251382827759
01170100,0.6766852140426636
01181000,0.7059426307678223
01187300,0.7897374033927917
01195100,0.7022491693496704
01333000,0.4730380177497864
01350000,0.7344266176223755
01350080,0.4203801155090332
01350140,0.5197979211807251
01365000,0.7668720483779907
01411300,0.33319103717803955
01413500,0.48797500133514404
01414500,0.5925377011299133
01415000,0.5816415548324585
01423000,0.6121335029602051
01434025,0.6106556057929993
01435000,0.7263951301574707
01439500,0.7029673457145691
01440000,0.8166475296020508
01440400,0.7123259902000427
01451800,0.6883275508880615
01466500,0.8269097208976746
01484100,0.724130392074585
01487000,0.7174261808395386
01491000,0.8649269938468933
01510000,0.7396214008331299
01516500,0.5675977468490601
01518862,0.5950640439987183
01532000,0.6324517726898193
01539000,0.7938603162765503
01542810,0.8013869524002075
01543000,0.8558489680290222
01543500,0.830649197101593
01544500,0.8478729724884033
01545600,0.6994274854660034
01547700,0.7329704761505127
01548500,0.7753223180770874
01549500,0.7168561816215515
01550000,0.6715841293334961
01552000,0.6872057914733887
01552500,0.6619172096252441
01557500,0.8170956373214722
01567500,0.7741298079490662
01568000,0.8643072247505188
01580000,0.6609381437301636
01583500,0.5408077239990234
01586610,0.564521312713623
01591400,0.2963954210281372
01594950,0.7302459478378296
01596500,0.7312065958976746
01605500,0.6683310270309448
01606500,0.7772585153579712
01632000,0.5189800262451172
01632900,0.4816092848777771
01634500,0.5685329437255859
01638480,0.544034481048584
01639500,0.6230416297912598
01644000,0.7724071741104126
01664000,0.7903289198875427
01666500,0.5895345211029053
01667500,0.688517153263092
01669000,0.7966509461402893
01669520,0.646653413772583
02011400,0.8009354472160339
02013000,0.7896637320518494
02014000,0.8508833646774292
02015700,0.6653740406036377
02016000,0.7747916579246521
02017500,0.7217934131622314
02018000,0.7321823835372925
02027000,0.6821699142456055
02027500,0.42551594972610474
02028500,0.7601877450942993
02038850,0.5871325135231018
02046000,0.7799094915390015
02051500,0.7440038919448853
02053200,0.7209777235984802
02053800,0.7671155333518982
02055100,0.631657600402832
02056900,0.7726783156394958
02059500,0.6727909445762634
02064000,0.8307831287384033
02065500,0.2471020221710205
02069700,0.5131978988647461
02070000,0.6368117332458496
02074500,0.572893500328064
02077200,0.7269923686981201
02081500,0.7088680863380432
02082950,0.7777578830718994
02092500,0.8385462760925293
02096846,0.5606799125671387
02102908,0.5963190197944641
02108000,0.8009129166603088
02111180,0.47483164072036743
02111500,0.5352845191955566
02112120,0.26484042406082153
02112360,0.5843772888183594
02118500,0.5338752269744873
02125000,0.800544261932373
02128000,0.6953014135360718
02137727,0.6685388088226318
02140991,0.46031665802001953
02143000,0.6669037342071533
02143040,0.5348157286643982
02149000,0.7154709100723267
02152100,0.6099011898040771
02177000,0.5402761697769165
02178400,0.7020341157913208
02193340,0.7842317223548889
02196000,0.8220252990722656
02198100,0.612596869468689
02202600,0.730150580406189
02212600,0.6597757935523987
02215100,0.7518571019172668
02216180,0.4838266968727112
02221525,0.3337938189506531
02231000,0.8500093817710876
02245500,0.23526889085769653
02246000,0.828567624092102
02296500,0.2599543333053589
02297155,-22.84406280517578
02297310,-1.708244800567627
02298123,0.5532381534576416
02298608,0.35665714740753174
02299950,0.4111438989639282
02300700,0.149153470993042
02342933,0.4430010914802551
02349900,0.5888543128967285
02350900,0.7776765823364258
02361000,0.7081131339073181
02363000,0.669202446937561
02369800,0.5092689394950867
02371500,0.4761970043182373
02372250,0.41747379302978516
02374500,0.34692084789276123
02381600,0.3359541893005371
02384540,0.7039629817008972
02395120,-0.4469938278198242
02415000,0.7033991813659668
02427250,0.7719183564186096
02430085,0.7645636200904846
02450250,0.5864250659942627
02464000,0.6907258033752441
02464360,0.6817660927772522
02465493,-1.9568066596984863
02469800,0.7727015614509583
02472000,0.8329218626022339
02472500,0.6146187782287598
02479155,0.5203770399093628
02479300,0.8217257261276245
02479560,0.6625365018844604
02481000,0.5462131500244141
02481510,0.6873168349266052
03010655,0.7550252676010132
03011800,0.7565045356750488
03015500,0.7852389216423035
03021350,0.6686708927154541
03026500,0.8141340613365173
03028000,0.8116695880889893
03049000,0.811058759689331
03049800,0.6446774005889893
03050000,0.8060207366943359
03069500,0.8195235729217529
03070500,0.7866125106811523
03076600,0.7051359415054321
03078000,0.7235105037689209
03140000,0.7722735404968262
03144000,0.8258383274078369
03170000,0.6779935359954834
03173000,0.8069314956665039
03180500,0.7659103870391846
03182500,0.809897780418396
03186500,0.7932767271995544
03237280,0.568448543548584
03237500,0.6404784917831421
03238500,0.650137186050415
03241500,0.8142437934875488
03280700,0.6931635141372681
03281500,0.8062185645103455
03285000,0.7292995452880859
03291780,0.5108771324157715
03338780,0.5283222794532776
03340800,0.8098089098930359
03346000,0.7765344381332397
03364500,0.7426124811172485
03366500,0.4744223952293396
03368000,0.647315502166748
03384450,0.6588293313980103
03439000,0.684434175491333
03455500,0.27843213081359863
03456500,0.48888659477233887
03460000,0.7154374718666077
03463300,0.5321038961410522
03471500,0.6659271717071533
03473000,0.7659450769424438
03479000,0.28209978342056274
03488000,0.8045632839202881
03498500,0.6998049020767212
03500000,0.6688785552978516
03500240,0.21501493453979492
03504000,0.5610545873641968
03574500,0.6755162477493286
03592718,0.4657372832298279
03604000,0.6638227701187134
04015330,0.587434709072113
04024430,0.5992103815078735
04027000,0.3892078995704651
04040500,0.5460559129714966
04043050,0.7615470886230469
04045500,0.752415657043457
04057510,0.6653451919555664
04057800,0.1765245795249939
04059500,0.8655106425285339
04063700,0.5997193455696106
04074950,0.8453707695007324
04105700,0.15019983053207397
04115265,0.6999989748001099
04122200,0.7678377628326416
04122500,0.6476485729217529
04127918,0.3838050961494446
04127997,0.7744078636169434
04161580,0.6307966709136963
04185000,0.71921706199646
04196800,0.6326076984405518
04197100,0.7158941626548767
04197170,0.7178847193717957
04213000,0.5860285758972168
04213075,0.3221525549888611
04216418,0.614643394947052
04221000,0.7464033365249634
04224775,0.7758790254592896
04233000,0.7042098045349121
04256000,0.7749325037002563
04296000,0.7110668420791626
05057200,0.3499036431312561
05120500,-37.569644927978516
05291000,0.3221878409385681
05362000,0.8434945344924927
05393500,0.7278696894645691
05399500,0.8117368221282959
05408000,0.815285861492157
05413500,0.7126630544662476
05414000,0.439081609249115
05444000,0.24486255645751953
05454000,0.3163328170776367
05458000,0.5764272212982178
05466500,0.2662660479545593
05487980,0.7256418466567993
05488200,0.6776438355445862
05489000,0.6734300255775452
05495000,0.7251142263412476
05495500,0.5911428332328796
05501000,0.7923508286476135
05503800,0.832804799079895
05507600,0.8538324236869812
05508805,0.8510804176330566
05525500,0.7798184752464294
05556500,0.7776062488555908
05584500,0.34059470891952515
05591550,0.7612789273262024
05592050,0.46133869886398315
05592575,0.6706271171569824
05593575,0.8557047843933105
05593900,0.7471009492874146
05595730,0.7926783561706543
06221400,0.9183449745178223
06224000,0.8620944619178772
06278300,0.8120765686035156
06280300,0.8886300921440125
06289000,0.5962868928909302
06291500,0.6786315441131592
06311000,0.6163795590400696
06332515,-0.09972965717315674
06339100,0.6425788402557373
06344600,0.3207464814186096
06350000,0.032115280628204346
06352000,0.07146865129470825
06404000,0.5118734836578369
06406000,-0.438376784324646
06409000,-2.6625916957855225
06431500,0.49398112297058105
06440200,0.34103697538375854
06447500,-0.10249090194702148
06470800,0.6072565913200378
06477500,-0.2829909324645996
06479215,0.18656116724014282
06601000,0.612412691116333
06614800,0.7377039194107056
06622700,0.8136330246925354
06623800,0.8929258584976196
06632400,0.7920026779174805
06746095,0.6640390157699585
06803510,0.6154239177703857
06803530,0.6961500644683838
06814000,0.5822372436523438
06847900,0.09560155868530273
06853800,0.2728862166404724
06876700,0.5688672065734863
06878000,0.854295551776886
06879650,0.6971672773361206
06885500,0.7619046568870544
06888500,0.6715224981307983
06889200,0.6278291940689087
06889500,0.6667791604995728
06892000,0.7986156344413757
06903400,0.6255676746368408
06906800,0.634159505367279
06910800,0.7289283275604248
06911900,0.6450629234313965
06917000,0.6636570692062378
06918460,0.3179515600204468
06919500,0.7952033281326294
06921070,0.5713702440261841
06921200,0.5614684224128723
07057500,0.8539152145385742
07060710,0.48692649602890015
07066000,0.8357014060020447
07083000,0.8202969431877136
07142300,-2.4429197311401367
07145700,0.7556052207946777
07167500,0.6551870107650757
07180500,0.6635222434997559
07184000,0.6466504335403442
07195800,-0.060800790786743164
07196900,0.5357077121734619
07197000,0.7567117214202881
07208500,0.42624545097351074
07261000,0.9403984546661377
07263295,0.4250186085700989
07291000,0.6448495388031006
07299670,-0.8003929853439331
07301410,-0.6413185596466064
07315200,0.4983946681022644
07315700,0.5672619342803955
07335700,0.565213680267334
07340300,0.7564595341682434
07346045,0.655539333820343
07359610,0.6787116527557373
07362100,0.1981363296508789
07362587,0.29889756441116333
07375000,0.2555077075958252
08013000,0.7359373569488525
08014500,0.40862584114074707
08023080,0.26860785484313965
08050800,0.5251235961914062
08066200,0.802055299282074
08066300,0.6115494966506958
08070000,0.5681799650192261
08070200,0.6230378746986389
08082700,0.20837217569351196
08086212,0.3863084316253662
08086290,0.34179067611694336
08101000,0.5433367490768433
08103900,0.579749345779419
08104900,0.3864532709121704
08109700,0.519447922706604
08150800,0.06797981262207031
08158700,0.5854365825653076
08158810,0.586703896522522
08164300,0.5696734189987183
08164600,0.43615293502807617
08165300,-7.6859130859375
08171300,0.6754516363143921
08175000,0.4058339595794678
08176900,-0.12943601608276367
08178880,-0.27412497997283936
08189500,0.27625471353530884
08190000,-0.16184711456298828
08190500,-0.8510925769805908
08194200,-1.3590457439422607
08195000,0.1506633758544922
08196000,-0.43638861179351807
08198500,0.31079745292663574
08200000,0.6362415552139282
08202700,0.49921107292175293
08267500,0.0693516731262207
08269000,-0.052668213844299316
08271000,0.14155369997024536
08324000,0.4922746419906616
08377900,0.5887563228607178
08378500,0.514904797077179
08380500,0.23725175857543945
09035800,0.8157192468643188
09035900,0.8839414119720459
09047700,0.8030858635902405
09065500,0.8605891466140747
09066000,0.8307787179946899
09066200,0.912803590297699
09066300,0.826736569404602
09081600,0.8462315797805786
09107000,0.845484733581543
09210500,0.806264340877533
09223000,0.8414859771728516
09306242,0.23528969287872314
09312600,0.8251795172691345
09352900,0.6382733583450317
09378170,0.11435353755950928
09386900,0.023502647876739502
09404450,0.03156977891921997
09430600,0.0054280757904052734
09447800,-1.3416786193847656
09484600,0.2336444854736328
09492400,-0.38236451148986816
09494000,0.22616666555404663
09497980,-0.2968173027038574
09505350,-0.13057923316955566
09505800,-4.826653957366943
09508300,0.19635450839996338
09510200,0.3248669505119324
09512280,0.36642688512802124
09513780,0.19209951162338257
10234500,0.6439775228500366
10244950,-1.2534995079040527
10259000,0.3456540107727051
10336645,0.8284841179847717
10336660,0.908977210521698
10343500,0.10319387912750244
11124500,0.8053750991821289
11141280,-1.6288280487060547
11143000,0.18839097023010254
11148900,0.5086050033569336
11151300,0.31255221366882324
11176400,0.5682207345962524
11230500,0.6099653244018555
11237500,0.821117639541626
11264500,0.8964390158653259
11266500,0.9456241726875305
11284400,0.31714826822280884
11381500,0.38383013010025024
11451100,0.6718886494636536
11468500,0.783302903175354
11473900,0.7188645601272583
11475560,0.7171381711959839
11476600,0.807242214679718
11478500,0.693390965461731
11480390,0.5796793699264526
11481200,0.8165529370307922
11482500,0.8544051647186279
11522500,0.5744362473487854
11523200,0.7923991680145264
11528700,0.5733559131622314
11532500,0.8884680867195129
12010000,0.8550776243209839
12013500,0.8035317063331604
12020000,0.30476438999176025
12025700,0.8350399732589722
12035000,0.8226105570793152
12040500,0.7097455263137817
12041200,0.7130433320999146
12048000,0.6904153823852539
12054000,0.7449580430984497
12056500,0.6085467338562012
12073500,0.7311861515045166
12082500,0.7063647508621216
12092000,0.718288242816925
12114500,0.6413763165473938
12115000,0.6474411487579346
12117000,0.7502046823501587
12143600,0.7156201601028442
12144000,0.7597359418869019
12145500,0.8812942504882812
12147500,0.7389379739761353
12167000,0.6386606693267822
12175500,0.8357166051864624
12178100,0.7566317319869995
12186000,0.7414601445198059
12189500,0.6988463997840881
12375900,0.6797353029251099
12377150,0.8730669021606445
12381400,0.8103868365287781
12383500,0.7835274338722229
12390700,0.8421589136123657
12411000,0.6675447225570679
12447390,0.7081820964813232
12451000,0.880382776260376
12488500,0.6206881403923035
13011500,0.901680588722229
13011900,0.7891474962234497
13018300,0.4650372266769409
13023000,0.8790515065193176
13161500,0.8699573278427124
13235000,0.7635488510131836
13240000,0.823837399482727
13313000,0.9420243501663208
13331500,0.7954306602478027
14020000,0.3969297409057617
14096850,0.02277916669845581
14137000,0.6534293293952942
14138800,0.6421287655830383
14138870,0.7429147958755493
14138900,0.6723284125328064
14139800,0.7343412637710571
14141500,0.7327529191970825
14154500,0.7107909917831421
14158790,0.5072382688522339
14166500,0.8635520935058594
14182500,0.6916437745094299
14185000,0.82269686460495
14185900,0.7764533758163452
14187000,0.8514408469200134
14216500,0.6278567314147949
14222500,0.7795253992080688
14236200,0.7719525098800659
14301000,0.8782603740692139
14303200,0.7833396196365356
14305500,0.8172588348388672
14306340,0.7974696755409241
14306500,0.8457608222961426
14308990,0.8286168575286865
14309500,0.710364580154419
14316700,0.715461015701294
14325000,0.6487303972244263
14362250,0.5256057977676392
14400000,0.8028920888900757
<<<END R01
<<<BEGIN T02 /data1/home/sunyiq/id32_transformer_inductive_bias_20260902/repo/results/32_transformer_inductive_bias/T02/transformer_inductive_bias_T02_2026_0902_2010_ep30/validation/model_epoch030/validation_metrics.csv
basin,NSE
01022500,0.7938952445983887
01031500,0.7655913829803467
01047000,0.6417942047119141
01052500,0.8079333305358887
01054200,0.487946093082428
01055000,0.5369733572006226
01057000,0.5521960854530334
01073000,0.594207763671875
01078000,0.8317000269889832
01123000,0.6959898471832275
01134500,0.725157618522644
01137500,0.7661770582199097
01139000,0.7323495745658875
01139800,0.6666306257247925
01142500,0.642357349395752
01144000,0.7593719363212585
01162500,0.5522512197494507
01169000,0.6818317770957947
01170100,0.6423376798629761
01181000,0.691176176071167
01187300,0.764582633972168
01195100,0.6597572565078735
01333000,0.4899529814720154
01350000,0.6558576822280884
01350080,0.44351375102996826
01350140,0.6938489675521851
01365000,0.7145605087280273
01411300,0.7026771306991577
01413500,0.5955632328987122
01414500,0.5600050687789917
01415000,0.6168229579925537
01423000,0.7414713501930237
01434025,0.39038997888565063
01435000,0.7089018821716309
01439500,0.5814148783683777
01440000,0.8063972592353821
01440400,0.6449649930000305
01451800,0.6339753866195679
01466500,0.6847124695777893
01484100,0.6681174039840698
01487000,0.7996860146522522
01491000,0.8237257599830627
01510000,0.7141318321228027
01516500,0.5586060285568237
01518862,0.6639356017112732
01532000,0.7145164012908936
01539000,0.8124172687530518
01542810,0.7452658414840698
01543000,0.8244370222091675
01543500,0.8601610064506531
01544500,0.7877680063247681
01545600,0.679871678352356
01547700,0.7150174379348755
01548500,0.8529736399650574
01549500,0.7201540470123291
01550000,0.7002710103988647
01552000,0.7431647181510925
01552500,0.6910586953163147
01557500,0.8023577928543091
01567500,0.5707371234893799
01568000,0.8351312875747681
01580000,0.6792804002761841
01583500,0.5774730443954468
01586610,0.6522781252861023
01591400,0.5718482732772827
01594950,0.7635657787322998
01596500,0.7879112362861633
01605500,0.6685676574707031
01606500,0.7552907466888428
01632000,0.45779305696487427
01632900,0.6138187646865845
01634500,0.531201958656311
01638480,0.6874456405639648
01639500,0.682979166507721
01644000,0.8575313687324524
01664000,0.8120411038398743
01666500,0.6753807663917542
01667500,0.7435962557792664
01669000,0.7407925128936768
01669520,0.6978129148483276
02011400,0.8139099478721619
02013000,0.6845083236694336
02014000,0.8094016313552856
02015700,0.652737021446228
02016000,0.7847772836685181
02017500,0.6777727603912354
02018000,0.7780729532241821
02027000,0.7029695510864258
02027500,0.5007153749465942
02028500,0.6665360927581787
02038850,0.7391688823699951
02046000,0.7644984722137451
02051500,0.7564214468002319
02053200,0.7395706176757812
02053800,0.7397233247756958
02055100,0.6720133423805237
02056900,0.6915073990821838
02059500,0.6085374355316162
02064000,0.8351972103118896
02065500,0.16416358947753906
02069700,0.45094549655914307
02070000,0.5395365953445435
02074500,0.4860011339187622
02077200,0.6941660642623901
02081500,0.6315186619758606
02082950,0.7796018719673157
02092500,0.9499622583389282
02096846,0.5370264053344727
02102908,0.654605507850647
02108000,0.6850666999816895
02111180,0.5721560716629028
02111500,0.4440051317214966
02112120,0.2651156187057495
02112360,0.6422766447067261
02118500,0.5307604670524597
02125000,0.7368302345275879
02128000,0.7797156572341919
02137727,0.7376748919487
02140991,0.6157065629959106
02143000,0.638934850692749
02143040,0.47662073373794556
02149000,0.7242510318756104
02152100,0.5774210691452026
02177000,0.41316187381744385
02178400,0.6872177124023438
02193340,0.8003015518188477
02196000,0.8597884178161621
02198100,0.7205492854118347
02202600,0.8321629166603088
02212600,0.6783859729766846
02215100,0.8223867416381836
02216180,0.6529741287231445
02221525,0.6324647068977356
02231000,0.8604861497879028
02245500,0.5407717823982239
02246000,0.910918653011322
02296500,0.28648650646209717
02297155,-18.539718627929688
02297310,-1.5881130695343018
02298123,0.18912923336029053
02298608,-0.08950722217559814
02299950,0.3158184885978699
02300700,-0.07876312732696533
02342933,0.3655906915664673
02349900,0.4763439893722534
02350900,0.78310626745224
02361000,0.5936917662620544
02363000,0.7720018029212952
02369800,0.5718391537666321
02371500,0.37859678268432617
02372250,-0.4888805150985718
02374500,0.41559308767318726
02381600,0.434431254863739
02384540,0.7263858914375305
02395120,-1.123002052307129
02415000,0.6196222305297852
02427250,0.7285237312316895
02430085,0.7007052898406982
02450250,0.12947773933410645
02464000,0.809741199016571
02464360,0.6096780300140381
02465493,-0.4775031805038452
02469800,0.7586036920547485
02472000,0.8612686395645142
02472500,0.5354642868041992
02479155,0.701488733291626
02479300,0.7805831432342529
02479560,0.6303039789199829
02481000,0.555526614189148
02481510,0.602110743522644
03010655,0.7793095111846924
03011800,0.7127046585083008
03015500,0.7162781953811646
03021350,0.6343894004821777
03026500,0.7842609286308289
03028000,0.7910518646240234
03049000,0.7793400287628174
03049800,0.6466119289398193
03050000,0.7427149415016174
03069500,0.8251420855522156
03070500,0.7569911479949951
03076600,0.7097939848899841
03078000,0.7594006657600403
03140000,0.7509655356407166
03144000,0.7472540140151978
03170000,0.7494854927062988
03173000,0.784627377986908
03180500,0.7557041645050049
03182500,0.838077962398529
03186500,0.7866146564483643
03237280,0.5603434443473816
03237500,0.6277573108673096
03238500,0.6219131946563721
03241500,0.7532765865325928
03280700,0.6142303943634033
03281500,0.8325498104095459
03285000,0.7076313495635986
03291780,0.6149367094039917
03338780,0.4383925795555115
03340800,0.829230010509491
03346000,0.8121683597564697
03364500,0.5902693271636963
03366500,0.5174352526664734
03368000,0.608400821685791
03384450,0.7315315008163452
03439000,0.647171676158905
03455500,0.3535253405570984
03456500,0.3253747224807739
03460000,0.7315466403961182
03463300,0.5313248634338379
03471500,0.7595345377922058
03473000,0.8261419534683228
03479000,0.07198166847229004
03488000,0.7445235252380371
03498500,0.6408191919326782
03500000,0.5868610143661499
03500240,0.49377721548080444
03504000,0.6460522413253784
03574500,0.6793702840805054
03592718,0.46744537353515625
03604000,0.6494725942611694
04015330,0.6675035357475281
04024430,0.6851915121078491
04027000,0.5974609851837158
04040500,0.839751660823822
04043050,0.811900794506073
04045500,0.7735044360160828
04057510,0.8393695950508118
04057800,0.3652876615524292
04059500,0.7546917796134949
04063700,0.6705106496810913
04074950,0.8086631298065186
04105700,0.2959357500076294
04115265,0.5697406530380249
04122200,0.7263919711112976
04122500,0.6468328237533569
04127918,0.6666167974472046
04127997,0.5900754928588867
04161580,0.6807050704956055
04185000,0.6900796890258789
04196800,0.5288991928100586
04197100,0.7116042375564575
04197170,0.6738371849060059
04213000,0.5680254697799683
04213075,0.06847268342971802
04216418,0.6504749655723572
04221000,0.7898262739181519
04224775,0.7400180101394653
04233000,0.7539876699447632
04256000,0.7212351560592651
04296000,0.7324986457824707
05057200,0.23177558183670044
05120500,-94.47708892822266
05291000,0.2478468418121338
05362000,0.8453661799430847
05393500,0.8514297008514404
05399500,0.8007956743240356
05408000,0.6273741722106934
05413500,0.7656812071800232
05414000,0.5329480767250061
05444000,0.514129102230072
05454000,0.23868340253829956
05458000,0.684516191482544
05466500,0.26850569248199463
05487980,0.6939774751663208
05488200,0.641873836517334
05489000,0.6626729369163513
05495000,0.6528164744377136
05495500,0.6161075234413147
05501000,0.7000201344490051
05503800,0.7561944127082825
05507600,0.8295518159866333
05508805,0.8752589821815491
05525500,0.8673550486564636
05556500,0.7413029670715332
05584500,0.21910369396209717
05591550,0.7317303419113159
05592050,0.437183678150177
05592575,0.5690963864326477
05593575,0.8378444910049438
05593900,0.6432108879089355
05595730,0.775003969669342
06221400,0.9221786856651306
06224000,0.9106632471084595
06278300,0.7027731537818909
06280300,0.732688307762146
06289000,0.40874385833740234
06291500,0.5177395343780518
06311000,0.7580933570861816
06332515,-0.3818756341934204
06339100,0.36671650409698486
06344600,-0.5633147954940796
06350000,-1.6406540870666504
06352000,-0.1915491819381714
06404000,0.4722965955734253
06406000,0.0637241005897522
06409000,-0.10548436641693115
06431500,0.5702241063117981
06440200,0.11554992198944092
06447500,-0.857421875
06470800,0.6139307022094727
06477500,-0.5469752550125122
06479215,0.3018108010292053
06601000,-0.03312325477600098
06614800,0.740639865398407
06622700,0.8369387984275818
06623800,0.9089345335960388
06632400,0.8860586881637573
06746095,0.7072361707687378
06803510,0.5691617727279663
06803530,0.5964043140411377
06814000,0.5932388305664062
06847900,-0.9047967195510864
06853800,0.27176833152770996
06876700,0.3043072819709778
06878000,0.7137123346328735
06879650,0.6723620891571045
06885500,0.7717186212539673
06888500,0.7679993510246277
06889200,0.6080814003944397
06889500,0.6704769134521484
06892000,0.6519742608070374
06903400,0.6371298432350159
06906800,0.6068356037139893
06910800,0.8162297010421753
06911900,0.7845330834388733
06917000,0.6216061115264893
06918460,0.005323529243469238
06919500,0.7529540061950684
06921070,0.6421898007392883
06921200,0.6453752517700195
07057500,0.7147455215454102
07060710,0.5708461999893188
07066000,0.8162318468093872
07083000,0.8604744672775269
07142300,-2.2340152263641357
07145700,0.8438493013381958
07167500,0.6505528092384338
07180500,0.6039133071899414
07184000,0.5765966773033142
07195800,-0.03572511672973633
07196900,0.5415626764297485
07197000,0.8151050806045532
07208500,0.2232568860054016
07261000,0.8859869837760925
07263295,0.6563758850097656
07291000,0.5968282222747803
07299670,0.1748950481414795
07301410,-0.2831695079803467
07315200,0.6351950764656067
07315700,0.4757380485534668
07335700,0.538547158241272
07340300,0.6854642629623413
07346045,0.4662933349609375
07359610,0.6892196536064148
07362100,0.18782246112823486
07362587,0.47865909337997437
07375000,0.48605579137802124
08013000,0.7427522540092468
08014500,0.16500699520111084
08023080,0.15175282955169678
08050800,0.6003144979476929
08066200,0.6425976753234863
08066300,0.7707313895225525
08070000,0.5004134178161621
08070200,0.6464385986328125
08082700,0.11515992879867554
08086212,0.49840599298477173
08086290,0.3194984197616577
08101000,0.4473802447319031
08103900,0.6168690919876099
08104900,0.27604061365127563
08109700,0.5478196144104004
08150800,0.630035936832428
08158700,0.5033495426177979
08158810,0.4945778250694275
08164300,0.5099043846130371
08164600,0.29016393423080444
08165300,-2.062452793121338
08171300,0.591675877571106
08175000,0.497545063495636
08176900,-0.2818864583969116
08178880,-2.615798234939575
08189500,0.6823462247848511
08190000,-0.016524672508239746
08190500,0.08913785219192505
08194200,0.18257439136505127
08195000,0.1959109902381897
08196000,0.2067047357559204
08198500,0.42592835426330566
08200000,-0.04913139343261719
08202700,0.4456005096435547
08267500,0.08726698160171509
08269000,-0.015810728073120117
08271000,0.2899702191352844
08324000,0.34685850143432617
08377900,0.8027857542037964
08378500,0.7812727093696594
08380500,0.019058406352996826
09035800,0.8574221730232239
09035900,0.9248322248458862
09047700,0.8263217210769653
09065500,0.9157959818840027
09066000,0.9397668838500977
09066200,0.8792182207107544
09066300,0.9020642042160034
09081600,0.9370293021202087
09107000,0.8558560013771057
09210500,0.7183471918106079
09223000,0.8439607620239258
09306242,-2.6174356937408447
09312600,0.6684666872024536
09352900,0.668784499168396
09378170,0.3701818585395813
09386900,-0.23798847198486328
09404450,-0.6179802417755127
09430600,0.008855104446411133
09447800,-9.613649368286133
09484600,-0.39499473571777344
09492400,0.41630327701568604
09494000,0.38813191652297974
09497980,-0.958709716796875
09505350,0.13055330514907837
09505800,0.3549830913543701
09508300,0.20191866159439087
09510200,0.3516886234283447
09512280,0.22783243656158447
09513780,0.16272103786468506
10234500,0.2106114625930786
10244950,-3.7367758750915527
10259000,0.45660895109176636
10336645,0.7656034231185913
10336660,0.8836809396743774
10343500,0.5006824731826782
11124500,0.6377954483032227
11141280,-2.150883197784424
11143000,0.06637269258499146
11148900,-0.1039423942565918
11151300,0.13121652603149414
11176400,0.6153497695922852
11230500,0.43586575984954834
11237500,0.7913428544998169
11264500,0.9283341765403748
11266500,0.9185945987701416
11284400,0.3714052438735962
11381500,0.49933260679244995
11451100,0.6775163412094116
11468500,0.8004814982414246
11473900,0.5938357710838318
11475560,0.7990376353263855
11476600,0.7748531103134155
11478500,0.6968283653259277
11480390,0.6192176938056946
11481200,0.7813215255737305
11482500,0.8252507448196411
11522500,0.6771941184997559
11523200,0.7403460741043091
11528700,0.41304904222488403
11532500,0.8658018708229065
12010000,0.8226109743118286
12013500,0.7660157680511475
12020000,0.25416141748428345
12025700,0.8367436528205872
12035000,0.801823616027832
12040500,0.6454020738601685
12041200,0.7090563774108887
12048000,0.49473458528518677
12054000,0.7208210229873657
12056500,0.6195840239524841
12073500,0.8132469654083252
12082500,0.7353999614715576
12092000,0.7107380032539368
12114500,0.7005352973937988
12115000,0.7329699993133545
12117000,0.767051637172699
12143600,0.6993080377578735
12144000,0.7760725617408752
12145500,0.8439320921897888
12147500,0.708461344242096
12167000,0.608442485332489
12175500,0.7368090152740479
12178100,0.7656974792480469
12186000,0.7607027292251587
12189500,0.7133188247680664
12375900,0.8301778435707092
12377150,0.880301296710968
12381400,0.8373934030532837
12383500,0.8580483198165894
12390700,0.8344227075576782
12411000,0.7201063632965088
12447390,0.6904088258743286
12451000,0.8921552896499634
12488500,0.765576183795929
13011500,0.8796781301498413
13011900,0.7993351221084595
13018300,0.4513973593711853
13023000,0.8348560333251953
13161500,0.8264634609222412
13235000,0.8109903931617737
13240000,0.8607860803604126
13313000,0.9087440967559814
13331500,0.8177435994148254
14020000,0.621436595916748
14096850,-0.34432554244995117
14137000,0.7246678471565247
14138800,0.6824078559875488
14138870,0.6436207294464111
14138900,0.6758663654327393
14139800,0.7167658805847168
14141500,0.7276709079742432
14154500,0.6896013021469116
14158790,0.6482412815093994
14166500,0.8558496236801147
14182500,0.6529844999313354
14185000,0.7607014179229736
14185900,0.7558438777923584
14187000,0.8437169790267944
14216500,0.5232973694801331
14222500,0.7676307559013367
14236200,0.7647590637207031
14301000,0.8812732100486755
14303200,0.7820776700973511
14305500,0.803027868270874
14306340,0.7723664045333862
14306500,0.8365491032600403
14308990,0.8278512358665466
14309500,0.7462648153305054
14316700,0.6268914937973022
14325000,0.6345682144165039
14362250,0.38589173555374146
14400000,0.7801483869552612
<<<END T02
<<<BEGIN T03 /data1/home/sunyiq/id32_transformer_inductive_bias_20260902/repo/results/32_transformer_inductive_bias/T03/transformer_inductive_bias_T03_2026_0902_2010_ep30/validation/model_epoch030/validation_metrics.csv
basin,NSE
01022500,0.782645046710968
01031500,0.8771383762359619
01047000,0.8796142935752869
01052500,0.8568477630615234
01054200,0.5937065482139587
01055000,0.7198736667633057
01057000,0.8338654637336731
01073000,0.7053968906402588
01078000,0.8442835807800293
01123000,0.7924847602844238
01134500,0.7589709758758545
01137500,0.762444257736206
01139000,0.6906993985176086
01139800,0.6968393921852112
01142500,0.5404981374740601
01144000,0.8018548488616943
01162500,0.3993160128593445
01169000,0.4906114935874939
01170100,0.599677324295044
01181000,0.44438910484313965
01187300,0.708762526512146
01195100,0.7663522362709045
01333000,0.5117872953414917
01350000,0.6027967929840088
01350080,0.4510592222213745
01350140,0.5765939354896545
01365000,0.6739701628684998
01411300,0.6833770275115967
01413500,0.5785319209098816
01414500,0.5258718729019165
01415000,0.5351787805557251
01423000,0.5850446224212646
01434025,0.5694100856781006
01435000,0.6337412595748901
01439500,0.6389315128326416
01440000,0.7274420857429504
01440400,0.5497332811355591
01451800,0.7146656513214111
01466500,0.8189501762390137
01484100,0.7494184970855713
01487000,0.8545182943344116
01491000,0.8783295154571533
01510000,0.6101199388504028
01516500,0.4790036082267761
01518862,0.606564998626709
01532000,0.540999174118042
01539000,0.7020387649536133
01542810,0.7371734976768494
01543000,0.8198645114898682
01543500,0.8682324886322021
01544500,0.8120614886283875
01545600,0.7528713941574097
01547700,0.579383909702301
01548500,0.7190225720405579
01549500,0.6077712774276733
01550000,0.5769480466842651
01552000,0.6648218631744385
01552500,0.505675196647644
01557500,0.7643879055976868
01567500,0.761333703994751
01568000,0.7894589304924011
01580000,0.6299090385437012
01583500,0.48928898572921753
01586610,0.58371901512146
01591400,0.2536895275115967
01594950,0.7816203832626343
01596500,0.7651346325874329
01605500,0.7003192901611328
01606500,0.7877853512763977
01632000,0.48350757360458374
01632900,0.45004093647003174
01634500,0.562584638595581
01638480,0.6486848592758179
01639500,0.7319120168685913
01644000,0.8228445053100586
01664000,0.8076361417770386
01666500,0.24240648746490479
01667500,0.7322194576263428
01669000,0.7283980846405029
01669520,0.6484438180923462
02011400,0.869038462638855
02013000,0.7707496881484985
02014000,0.7655124068260193
02015700,0.7117202281951904
02016000,0.8261716365814209
02017500,0.6478644609451294
02018000,0.7325724363327026
02027000,0.671704888343811
02027500,0.5727142095565796
02028500,0.7189743518829346
02038850,0.5343277454376221
02046000,0.7771162986755371
02051500,0.8196823596954346
02053200,0.6573749780654907
02053800,0.7180942296981812
02055100,0.6169674396514893
02056900,0.7277294397354126
02059500,0.6695125699043274
02064000,0.7865009307861328
02065500,0.36825013160705566
02069700,0.5779799222946167
02070000,0.609101414680481
02074500,0.4461233615875244
02077200,0.7031986117362976
02081500,0.5673624873161316
02082950,0.7958933115005493
02092500,0.7858926653862
02096846,0.4795629382133484
02102908,0.8400159478187561
02108000,0.8223150372505188
02111180,0.46828383207321167
02111500,0.5422509908676147
02112120,0.5659008026123047
02112360,0.6979706287384033
02118500,0.49739938974380493
02125000,0.7629592418670654
02128000,0.6907197833061218
02137727,0.6568953990936279
02140991,0.6385202407836914
02143000,0.6932311058044434
02143040,0.5860873460769653
02149000,0.6624162197113037
02152100,0.5864390134811401
02177000,0.761532723903656
02178400,0.7147971987724304
02193340,0.8210606575012207
02196000,0.7522487640380859
02198100,0.6528908014297485
02202600,0.871421217918396
02212600,0.6463412046432495
02215100,0.8510041832923889
02216180,0.6226785182952881
02221525,0.6180891394615173
02231000,0.8926624059677124
02245500,0.686881959438324
02246000,0.7049388885498047
02296500,0.4761272668838501
02297155,-11.195114135742188
02297310,-0.9373466968536377
02298123,0.7291915416717529
02298608,0.21092885732650757
02299950,0.4791806936264038
02300700,0.044655680656433105
02342933,0.3745615482330322
02349900,0.641799807548523
02350900,0.8366385102272034
02361000,0.8146542906761169
02363000,0.7146632671356201
02369800,0.6340480446815491
02371500,0.5472343564033508
02372250,-0.2998332977294922
02374500,0.45793646574020386
02381600,0.33475005626678467
02384540,0.6759053468704224
02395120,-0.2537494897842407
02415000,0.6227977275848389
02427250,0.6516038179397583
02430085,0.7506377696990967
02450250,0.5268380641937256
02464000,0.7295130491256714
02464360,0.5912127494812012
02465493,0.25223422050476074
02469800,0.7731732726097107
02472000,0.8181403875350952
02472500,0.5103305578231812
02479155,0.57010817527771
02479300,0.8036195635795593
02479560,0.6752676963806152
02481000,0.5836807489395142
02481510,0.7352316379547119
03010655,0.7752746343612671
03011800,0.748197078704834
03015500,0.7728053331375122
03021350,0.7354092597961426
03026500,0.8139523863792419
03028000,0.8090006709098816
03049000,0.8241568803787231
03049800,0.6115995645523071
03050000,0.8127145767211914
03069500,0.8471012115478516
03070500,0.7820736169815063
03076600,0.7193958759307861
03078000,0.775614857673645
03140000,0.7845361232757568
03144000,0.822030246257782
03170000,0.7335300445556641
03173000,0.8310403823852539
03180500,0.7625056505203247
03182500,0.8451550006866455
03186500,0.8192381262779236
03237280,0.6090590953826904
03237500,0.6487442255020142
03238500,0.7107912302017212
03241500,0.8202146291732788
03280700,0.6505318284034729
03281500,0.7851927876472473
03285000,0.7018005847930908
03291780,0.6161073446273804
03338780,0.4703975319862366
03340800,0.8107674717903137
03346000,0.7706384658813477
03364500,0.6381990909576416
03366500,0.5635455250740051
03368000,0.7638570666313171
03384450,0.7268896102905273
03439000,0.6763225793838501
03455500,0.36270755529403687
03456500,0.3883105516433716
03460000,0.569847822189331
03463300,0.6538290977478027
03471500,0.6567645072937012
03473000,0.7023630142211914
03479000,0.39283233880996704
03488000,0.5834074020385742
03498500,0.7568781971931458
03500000,0.7817642688751221
03500240,0.42102766036987305
03504000,0.6640036106109619
03574500,0.734387993812561
03592718,0.3901536464691162
03604000,0.8140964508056641
04015330,0.6964642405509949
04024430,0.5745718479156494
04027000,0.7800905704498291
04040500,0.7430042028427124
04043050,0.762583315372467
04045500,0.8539160490036011
04057510,0.8847987055778503
04057800,0.49111199378967285
04059500,0.8361112475395203
04063700,0.5547696352005005
04074950,0.8650327920913696
04105700,0.6674472093582153
04115265,0.6802017688751221
04122200,0.7864561080932617
04122500,0.6813386082649231
04127918,0.7173593640327454
04127997,0.7755411267280579
04161580,0.7937105894088745
04185000,0.8106517195701599
04196800,0.7450274229049683
04197100,0.7128157615661621
04197170,0.732103705406189
04213000,0.6573766469955444
04213075,0.36253106594085693
04216418,0.6465514898300171
04221000,0.7370688915252686
04224775,0.7666044235229492
04233000,0.7511144876480103
04256000,0.70916348695755
04296000,0.7031500339508057
05057200,0.14183300733566284
05120500,-36.68580627441406
05291000,0.12214583158493042
05362000,0.9168221354484558
05393500,0.9009858965873718
05399500,0.755640983581543
05408000,0.7742853760719299
05413500,0.7066963315010071
05414000,0.40772753953933716
05444000,0.37285399436950684
05454000,0.49504923820495605
05458000,0.501585066318512
05466500,0.19183886051177979
05487980,0.5973895788192749
05488200,0.6599669456481934
05489000,0.34961652755737305
05495000,0.566238284111023
05495500,0.49425655603408813
05501000,0.7100287675857544
05503800,0.7620657682418823
05507600,0.8705376982688904
05508805,0.7846022844314575
05525500,0.8571933507919312
05556500,0.7582482695579529
05584500,0.25094079971313477
05591550,0.7650831937789917
05592050,0.5135312080383301
05592575,0.7080379724502563
05593575,0.8743842244148254
05593900,0.7941446304321289
05595730,0.8432531356811523
06221400,0.9008030891418457
06224000,0.8736909627914429
06278300,0.7139520645141602
06280300,0.8070908784866333
06289000,0.6320331692695618
06291500,0.651451826095581
06311000,0.7265657186508179
06332515,-1.7817111015319824
06339100,0.7380335330963135
06344600,-0.5687003135681152
06350000,-1.1353719234466553
06352000,-0.11663949489593506
06404000,0.4977582097053528
06406000,-0.03831756114959717
06409000,-2.0032267570495605
06431500,0.5115388035774231
06440200,0.31424301862716675
06447500,-0.10237312316894531
06470800,0.3093186616897583
06477500,0.11963158845901489
06479215,-0.35102415084838867
06601000,-1.1209075450897217
06614800,0.8928320407867432
06622700,0.8148902058601379
06623800,0.7425450682640076
06632400,0.8231236934661865
06746095,0.8324002027511597
06803510,0.6809372901916504
06803530,0.7575209140777588
06814000,0.6481750011444092
06847900,-0.43192028999328613
06853800,0.22288542985916138
06876700,0.12737053632736206
06878000,0.8261092901229858
06879650,0.45380330085754395
06885500,0.7571864724159241
06888500,0.7231835126876831
06889200,0.6942776441574097
06889500,0.700917661190033
06892000,0.7494362592697144
06903400,0.5773864388465881
06906800,0.8404586315155029
06910800,0.8201685547828674
06911900,0.6776845455169678
06917000,0.8631329536437988
06918460,0.16234427690505981
06919500,0.8014305233955383
06921070,0.5787423849105835
06921200,0.694591760635376
07057500,0.8880968689918518
07060710,0.5938971042633057
07066000,0.8302600979804993
07083000,0.8964238166809082
07142300,0.16896337270736694
07145700,0.7213218212127686
07167500,0.6533207893371582
07180500,0.5505108833312988
07184000,0.6672033071517944
07195800,-0.14003336429595947
07196900,0.5353595018386841
07197000,0.7934466004371643
07208500,-0.2323458194732666
07261000,0.8618265390396118
07263295,0.5567805171012878
07291000,0.6239079236984253
07299670,0.2658255100250244
07301410,-0.1812061071395874
07315200,0.2453906536102295
07315700,0.523368239402771
07335700,0.6132674217224121
07340300,0.7910722494125366
07346045,0.7378786206245422
07359610,0.6727237701416016
07362100,0.41690516471862793
07362587,0.40783876180648804
07375000,0.617201566696167
08013000,0.845937967300415
08014500,0.3570259213447571
08023080,0.45541059970855713
08050800,0.2652319669723511
08066200,0.6817271709442139
08066300,0.6139261722564697
08070000,0.5586379766464233
08070200,0.5306539535522461
08082700,-0.3335850238800049
08086212,0.3702784776687622
08086290,-1.8896222114562988
08101000,0.6888546943664551
08103900,0.6333322525024414
08104900,0.6724454164505005
08109700,0.4198680520057678
08150800,0.4153707027435303
08158700,0.43620413541793823
08158810,0.5499352216720581
08164300,0.40403103828430176
08164600,0.5020514130592346
08165300,-9.493531227111816
08171300,0.7193215489387512
08175000,0.5349043607711792
08176900,0.42839664220809937
08178880,-0.500899076461792
08189500,0.16695928573608398
08190000,-0.16803205013275146
08190500,-1.7003960609436035
08194200,-0.9739995002746582
08195000,-0.20672452449798584
08196000,-0.10443758964538574
08198500,-0.028157472610473633
08200000,0.4395410418510437
08202700,0.41210925579071045
08267500,0.2732018828392029
08269000,0.14487743377685547
08271000,0.589006245136261
08324000,0.521722674369812
08377900,0.5626382827758789
08378500,0.7008378505706787
08380500,0.4412556290626526
09035800,0.7679029703140259
09035900,0.9579373598098755
09047700,0.913316547870636
09065500,0.9647179841995239
09066000,0.950680136680603
09066200,0.8822948336601257
09066300,0.9312415719032288
09081600,0.878165066242218
09107000,0.9570556879043579
09210500,-0.012571454048156738
09223000,0.727630615234375
09306242,-1.1951735019683838
09312600,0.8994404673576355
09352900,0.6546674966812134
09378170,0.502405047416687
09386900,-0.152673602104187
09404450,-3.7746477127075195
09430600,0.06970930099487305
09447800,-4.831506729125977
09484600,-0.20436346530914307
09492400,0.5196182727813721
09494000,0.36787545680999756
09497980,-0.01564466953277588
09505350,0.5129091739654541
09505800,-0.20178759098052979
09508300,0.2803664803504944
09510200,0.38726210594177246
09512280,0.345008909702301
09513780,0.1354389786720276
10234500,-0.881197452545166
10244950,-6.593061923980713
10259000,0.49361878633499146
10336645,0.6880967617034912
10336660,0.8920217156410217
10343500,-1.6359689235687256
11124500,0.5775727033615112
11141280,-0.0864180326461792
11143000,0.2061569094657898
11148900,0.6391814947128296
11151300,0.44613194465637207
11176400,0.522286057472229
11230500,0.1728023886680603
11237500,0.9006485939025879
11264500,0.6879653930664062
11266500,0.6146764755249023
11284400,0.42954128980636597
11381500,0.5032087564468384
11451100,0.665034294128418
11468500,0.8249543905258179
11473900,0.8330211043357849
11475560,0.5369764566421509
11476600,0.8575992584228516
11478500,0.718390941619873
11480390,0.5380784273147583
11481200,0.8260126113891602
11482500,0.8649058938026428
11522500,0.755976676940918
11523200,0.42538028955459595
11528700,0.7514897584915161
11532500,0.8634724020957947
12010000,0.8092967867851257
12013500,0.7725520133972168
12020000,0.26904070377349854
12025700,0.8148229718208313
12035000,0.8035488128662109
12040500,0.7743605971336365
12041200,0.7115956544876099
12048000,0.6506129503250122
12054000,0.6207653880119324
12056500,0.6143159866333008
12073500,0.6911683082580566
12082500,0.6107085943222046
12092000,0.6676651239395142
12114500,0.5745214223861694
12115000,0.6222519874572754
12117000,0.8188571929931641
12143600,0.7034177780151367
12144000,0.7400270700454712
12145500,0.8714979887008667
12147500,0.7243464589118958
12167000,0.5802392959594727
12175500,0.7175250053405762
12178100,0.723749041557312
12186000,0.7230402231216431
12189500,0.646094799041748
12375900,0.8178578019142151
12377150,0.9057050347328186
12381400,0.8800525665283203
12383500,0.862418532371521
12390700,0.722261905670166
12411000,0.7245506644248962
12447390,0.7383176684379578
12451000,0.8842417001724243
12488500,0.6981378197669983
13011500,0.8694933652877808
13011900,0.7120116949081421
13018300,0.7106009721755981
13023000,0.8822715282440186
13161500,0.6530956625938416
13235000,0.8988927006721497
13240000,0.8282944560050964
13313000,0.8953971862792969
13331500,0.8636122345924377
14020000,0.4187625050544739
14096850,0.20742154121398926
14137000,0.6435978412628174
14138800,0.6382052302360535
14138870,0.7400891780853271
14138900,0.6611090302467346
14139800,0.7449136972427368
14141500,0.7410056591033936
14154500,0.8084591627120972
14158790,0.5986183285713196
14166500,0.9128900170326233
14182500,0.6627650856971741
14185000,0.8028875589370728
14185900,0.7815755605697632
14187000,0.8507314920425415
14216500,0.6328092813491821
14222500,0.8038197755813599
14236200,0.7748469114303589
14301000,0.8933876752853394
14303200,0.6994748115539551
14305500,0.7469021081924438
14306340,0.7395420074462891
14306500,0.8434281349182129
14308990,0.826973557472229
14309500,0.7199311852455139
14316700,0.6904504299163818
14325000,0.6456879377365112
14362250,0.3654084801673889
14400000,0.8228248357772827
<<<END T03
--- T04: no epoch-30 validation table yet
--- T05: no epoch-30 validation table yet
<<<BEGIN L01 /data1/home/sunyiq/id32_transformer_inductive_bias_20260902/repo/results/32_transformer_inductive_bias/L01/transformer_inductive_bias_L01_2026_0903_0157_ep30/validation/model_epoch030/validation_metrics.csv
basin,NSE
01022500,0.7679575085639954
01031500,0.7981200218200684
01047000,0.7993289828300476
01052500,0.8479881882667542
01054200,0.5394212007522583
01055000,0.7449764013290405
01057000,0.7320094108581543
01073000,0.8083394765853882
01078000,0.7700944542884827
01123000,0.8072234988212585
01134500,0.7614770531654358
01137500,0.6805177330970764
01139000,0.7378469705581665
01139800,0.7605454325675964
01142500,0.7068361043930054
01144000,0.7048511505126953
01162500,0.7912533283233643
01169000,0.62776780128479
01170100,0.5136051774024963
01181000,0.6081050634384155
01187300,0.8026484847068787
01195100,0.6984418630599976
01333000,0.4093814492225647
01350000,0.44278484582901
01350080,0.23923838138580322
01350140,0.5230241417884827
01365000,0.6675119996070862
01411300,0.6716887950897217
01413500,0.19602054357528687
01414500,0.3201674222946167
01415000,0.5283278226852417
01423000,0.5993119478225708
01434025,0.3724668025970459
01435000,0.6283999681472778
01439500,0.7467911839485168
01440000,0.760059654712677
01440400,0.6729680299758911
01451800,0.7357607483863831
01466500,0.834328293800354
01484100,0.7664679884910583
01487000,0.8919653296470642
01491000,0.9093916416168213
01510000,0.7208241820335388
01516500,0.5898768901824951
01518862,0.7056310176849365
01532000,0.6800130605697632
01539000,0.7818620204925537
01542810,0.8277968168258667
01543000,0.8542693853378296
01543500,0.8431559801101685
01544500,0.8253245949745178
01545600,0.8423384428024292
01547700,0.752112627029419
01548500,0.7652708888053894
01549500,0.7122347354888916
01550000,0.7549697756767273
01552000,0.7356891632080078
01552500,0.6184719800949097
01557500,0.843978762626648
01567500,0.7035956382751465
01568000,0.8894346356391907
01580000,0.6618223190307617
01583500,0.45073211193084717
01586610,0.6188331842422485
01591400,0.32546210289001465
01594950,0.6358816623687744
01596500,0.823634922504425
01605500,0.6914882659912109
01606500,0.7051773071289062
01632000,0.5100763440132141
01632900,0.7079225778579712
01634500,0.44041794538497925
01638480,0.6648604273796082
01639500,0.7409371137619019
01644000,0.7712276577949524
01664000,0.8448401093482971
01666500,0.5649766325950623
01667500,0.7017680406570435
01669000,0.8175328373908997
01669520,0.6796343326568604
02011400,0.9066380262374878
02013000,0.8115701079368591
02014000,0.831616997718811
02015700,0.7654271125793457
02016000,0.7959761619567871
02017500,0.5704625844955444
02018000,0.7398748397827148
02027000,0.6969913840293884
02027500,0.5824018120765686
02028500,0.753430962562561
02038850,0.6837999820709229
02046000,0.784821629524231
02051500,0.8096590042114258
02053200,0.7515708208084106
02053800,0.8297033905982971
02055100,0.6169388294219971
02056900,0.7293763160705566
02059500,0.6878767013549805
02064000,0.8712959885597229
02065500,0.3423923850059509
02069700,0.5694671869277954
02070000,0.5805362462997437
02074500,0.5440065860748291
02077200,0.742501974105835
02081500,0.7961292266845703
02082950,0.8283491134643555
02092500,0.9103673100471497
02096846,0.4542296528816223
02102908,0.7019579410552979
02108000,0.7649431228637695
02111180,0.6025461554527283
02111500,0.5466885566711426
02112120,0.5552911758422852
02112360,0.5957281589508057
02118500,0.5233984589576721
02125000,0.7964998483657837
02128000,0.7596802711486816
02137727,0.7727087736129761
02140991,0.44859570264816284
02143000,0.7287695407867432
02143040,0.5553564429283142
02149000,0.6749758124351501
02152100,0.6376046538352966
02177000,0.7827235460281372
02178400,0.7347425222396851
02193340,0.84451824426651
02196000,0.8927017450332642
02198100,0.14117884635925293
02202600,0.860503613948822
02212600,0.7395404577255249
02215100,0.7784193158149719
02216180,0.7301188111305237
02221525,0.1489025354385376
02231000,0.8345696926116943
02245500,0.4580797553062439
02246000,0.729827880859375
02296500,0.48404252529144287
02297155,-2.639430284500122
02297310,-0.4684199094772339
02298123,0.7186912298202515
02298608,0.3106599450111389
02299950,0.48276740312576294
02300700,0.011804759502410889
02342933,0.5310710668563843
02349900,0.6363024711608887
02350900,0.7984921932220459
02361000,0.7517141699790955
02363000,0.7054451704025269
02369800,0.7400906682014465
02371500,0.2843816876411438
02372250,-0.6161820888519287
02374500,0.3994572162628174
02381600,0.014684140682220459
02384540,0.5368443727493286
02395120,0.5929377675056458
02415000,0.6731913089752197
02427250,0.5276466012001038
02430085,0.7311829924583435
02450250,0.5351222157478333
02464000,0.730109453201294
02464360,0.6552474498748779
02465493,-0.05965685844421387
02469800,0.7644762992858887
02472000,0.8795394897460938
02472500,0.6230313777923584
02479155,0.7114728689193726
02479300,0.8049768209457397
02479560,0.6681258678436279
02481000,0.6291950345039368
02481510,0.7536099553108215
03010655,0.816433310508728
03011800,0.7792885899543762
03015500,0.7908778190612793
03021350,0.7369016408920288
03026500,0.8384670615196228
03028000,0.8510927557945251
03049000,0.7059818506240845
03049800,0.6921895742416382
03050000,0.8046927452087402
03069500,0.8483620882034302
03070500,0.7855489253997803
03076600,0.7345123291015625
03078000,0.805085301399231
03140000,0.7445911169052124
03144000,0.8563969135284424
03170000,0.7894018888473511
03173000,0.8072121143341064
03180500,0.798565685749054
03182500,0.8425903916358948
03186500,0.8058087825775146
03237280,0.5759234428405762
03237500,0.5884498357772827
03238500,0.5437750816345215
03241500,0.8218928575515747
03280700,0.7427797913551331
03281500,0.8213011026382446
03285000,0.5779721736907959
03291780,0.5029309988021851
03338780,0.6360805034637451
03340800,0.7973999977111816
03346000,0.7617015242576599
03364500,0.6450221538543701
03366500,0.6249712705612183
03368000,0.7432219982147217
03384450,0.6012013554573059
03439000,0.6817525029182434
03455500,0.4592186212539673
03456500,0.5431883931159973
03460000,0.72270667552948
03463300,0.7289531230926514
03471500,0.732158899307251
03473000,0.823207437992096
03479000,0.5032039880752563
03488000,0.8708076477050781
03498500,0.8383097648620605
03500000,0.8395603895187378
03500240,0.5929160118103027
03504000,0.7540191411972046
03574500,0.7420319318771362
03592718,0.5736269950866699
03604000,0.7320373058319092
04015330,0.733191967010498
04024430,0.4608687162399292
04027000,0.6577205657958984
04040500,0.865859866142273
04043050,0.8014428019523621
04045500,0.8895266056060791
04057510,0.8012419939041138
04057800,0.7370554208755493
04059500,0.8921363949775696
04063700,0.5899742841720581
04074950,0.8942294120788574
04105700,0.48760420083999634
04115265,0.7419663667678833
04122200,0.7666071057319641
04122500,0.6257414817810059
04127918,0.5593478679656982
04127997,0.7678278684616089
04161580,0.611261248588562
04185000,0.7655813097953796
04196800,0.7798264026641846
04197100,0.7586944699287415
04197170,0.831322431564331
04213000,0.5807037353515625
04213075,0.4615132212638855
04216418,0.6009042263031006
04221000,0.7981278300285339
04224775,0.7564148902893066
04233000,0.751200258731842
04256000,0.7839609980583191
04296000,0.7179444432258606
05057200,0.46212178468704224
05120500,-28.66492462158203
05291000,0.3451440930366516
05362000,0.7909339666366577
05393500,0.8608080148696899
05399500,0.7555839419364929
05408000,0.7598803639411926
05413500,0.8344281911849976
05414000,0.625404953956604
05444000,0.5328677892684937
05454000,0.6762427091598511
05458000,0.6665226221084595
05466500,0.3205687403678894
05487980,0.7226574420928955
05488200,0.6492007970809937
05489000,0.6816782355308533
05495000,0.7865164875984192
05495500,0.5570632219314575
05501000,0.7551990747451782
05503800,0.7299581170082092
05507600,0.8102307915687561
05508805,0.7361578941345215
05525500,0.8530320525169373
05556500,0.5453469753265381
05584500,0.29939770698547363
05591550,0.7515860795974731
05592050,0.6880096197128296
05592575,0.7392216920852661
05593575,0.7501444816589355
05593900,0.7849863767623901
05595730,0.791277289390564
06221400,0.9161140322685242
06224000,0.9357710480690002
06278300,0.8499971032142639
06280300,0.7635999321937561
06289000,0.6247696876525879
06291500,0.6745618581771851
06311000,0.591989278793335
06332515,0.4816209673881531
06339100,0.7928300499916077
06344600,0.015221953392028809
06350000,-0.39566850662231445
06352000,0.05978846549987793
06404000,0.3136492371559143
06406000,-0.19805991649627686
06409000,-8.1675386428833
06431500,0.41583019495010376
06440200,0.6349489092826843
06447500,0.49640190601348877
06470800,0.7937279343605042
06477500,0.03163808584213257
06479215,-0.15820157527923584
06601000,0.37586361169815063
06614800,0.7895474433898926
06622700,0.8025631904602051
06623800,0.8725265264511108
06632400,0.8424667716026306
06746095,0.716303825378418
06803510,0.7269841432571411
06803530,0.6928718090057373
06814000,0.7930692434310913
06847900,0.35080772638320923
06853800,0.24818485975265503
06876700,0.5120828747749329
06878000,0.694168210029602
06879650,0.3637150526046753
06885500,0.787517786026001
06888500,0.45190876722335815
06889200,0.6348847150802612
06889500,0.6855450868606567
06892000,0.755604088306427
06903400,0.50174480676651
06906800,0.6865195035934448
06910800,0.7540543079376221
06911900,0.8409987688064575
06917000,0.6295711398124695
06918460,-0.0026199817657470703
06919500,0.7924390435218811
06921070,0.6662873029708862
06921200,0.7047381401062012
07057500,0.8936151266098022
07060710,0.6295101642608643
07066000,0.8338239192962646
07083000,0.8886532783508301
07142300,0.2612141966819763
07145700,0.7132200002670288
07167500,0.6040443181991577
07180500,0.6009436845779419
07184000,0.7065767049789429
07195800,0.28655415773391724
07196900,0.7897874712944031
07197000,0.7340326309204102
07208500,0.4961562752723694
07261000,0.9403197169303894
07263295,0.6418090462684631
07291000,0.44445669651031494
07299670,0.27467769384384155
07301410,0.09601527452468872
07315200,0.3542101979255676
07315700,0.6279710531234741
07335700,0.6364059448242188
07340300,0.7578188180923462
07346045,0.7829192280769348
07359610,0.6908265352249146
07362100,0.637975811958313
07362587,0.4223330020904541
07375000,0.46708178520202637
08013000,0.8326364159584045
08014500,0.43527424335479736
08023080,0.6505513191223145
08050800,0.6421593427658081
08066200,0.6502372026443481
08066300,0.6808738708496094
08070000,0.6066950559616089
08070200,0.6480820178985596
08082700,0.22925561666488647
08086212,0.6089774370193481
08086290,0.5520566701889038
08101000,0.7162668108940125
08103900,0.5948871970176697
08104900,0.6668415069580078
08109700,0.4607785940170288
08150800,-3.5245537757873535
08158700,0.4695098400115967
08158810,0.5704400539398193
08164300,0.45221251249313354
08164600,0.4327436685562134
08165300,-34.28911590576172
08171300,0.5835371017456055
08175000,0.4905203580856323
08176900,-0.038191914558410645
08178880,-1.0877821445465088
08189500,0.6051656007766724
08190000,-0.0483243465423584
08190500,-0.5310500860214233
08194200,-0.5049651861190796
08195000,-0.4371098279953003
08196000,0.2986336946487427
08198500,0.09613358974456787
08200000,0.3832389712333679
08202700,0.06035792827606201
08267500,0.017244398593902588
08269000,0.18363964557647705
08271000,0.39961332082748413
08324000,0.7102720737457275
08377900,0.5844874382019043
08378500,0.6548259854316711
08380500,0.43151044845581055
09035800,0.7820429801940918
09035900,0.9288396239280701
09047700,0.7780951261520386
09065500,0.9225522875785828
09066000,0.9428823590278625
09066200,0.9317424297332764
09066300,0.8150578141212463
09081600,0.9609827399253845
09107000,0.8893154263496399
09210500,0.7494640350341797
09223000,0.7783857583999634
09306242,0.3369934558868408
09312600,0.5427980422973633
09352900,0.733342707157135
09378170,0.6808745861053467
09386900,0.06688117980957031
09404450,0.7544044852256775
09430600,0.05034792423248291
09447800,-0.30258703231811523
09484600,0.15279698371887207
09492400,0.5367627143859863
09494000,0.35102564096450806
09497980,0.5207222700119019
09505350,-0.1322650909423828
09505800,-0.3075830936431885
09508300,0.30963629484176636
09510200,0.6021033525466919
09512280,0.35874611139297485
09513780,0.051003456115722656
10234500,0.5847866535186768
10244950,-0.39028918743133545
10259000,0.5280133485794067
10336645,0.8573411703109741
10336660,0.9187493324279785
10343500,0.46582120656967163
11124500,0.7343122959136963
11141280,0.0927625298500061
11143000,0.754368782043457
11148900,0.5795377492904663
11151300,0.434640109539032
11176400,0.552499532699585
11230500,0.8028898239135742
11237500,0.6839679479598999
11264500,0.9594472050666809
11266500,0.9642136096954346
11284400,0.527924656867981
11381500,0.5340821146965027
11451100,0.7345678806304932
11468500,0.901272714138031
11473900,0.7194365859031677
11475560,0.7369976043701172
11476600,0.7175956964492798
11478500,0.41028136014938354
11480390,0.3900173306465149
11481200,0.773525059223175
11482500,0.6833429336547852
11522500,0.7443181276321411
11523200,0.6802465319633484
11528700,0.6803569793701172
11532500,0.8763417601585388
12010000,0.9058583378791809
12013500,0.8250932693481445
12020000,0.39872026443481445
12025700,0.861236035823822
12035000,0.8751586079597473
12040500,0.7534074783325195
12041200,0.7550715804100037
12048000,0.6691771745681763
12054000,0.7715814709663391
12056500,0.7247932553291321
12073500,0.6697200536727905
12082500,0.7778842449188232
12092000,0.7396053075790405
12114500,0.4531627893447876
12115000,0.6381378769874573
12117000,0.8141211867332458
12143600,0.7654242515563965
12144000,0.7943652868270874
12145500,0.8987526297569275
12147500,0.7342026233673096
12167000,0.6755280494689941
12175500,0.8747116923332214
12178100,0.7663767337799072
12186000,0.7023123502731323
12189500,0.7292256355285645
12375900,0.7889585494995117
12377150,0.8956224918365479
12381400,0.8837699294090271
12383500,0.8567774295806885
12390700,0.9400690793991089
12411000,0.8475642204284668
12447390,0.540461540222168
12451000,0.8850663900375366
12488500,0.6709775328636169
13011500,0.9111946225166321
13011900,0.8951317667961121
13018300,0.42164283990859985
13023000,0.9258694648742676
13161500,0.781485915184021
13235000,0.7188390493392944
13240000,0.8895299434661865
13313000,0.875790536403656
13331500,0.8151631951332092
14020000,0.5073713064193726
14096850,0.18193566799163818
14137000,0.787030816078186
14138800,0.6943506002426147
14138870,0.7999444603919983
14138900,0.7239553332328796
14139800,0.8060088753700256
14141500,0.7566673159599304
14154500,0.7951149940490723
14158790,0.6028753519058228
14166500,0.8914650082588196
14182500,0.7455348968505859
14185000,0.8303627967834473
14185900,0.8550997972488403
14187000,0.8454881310462952
14216500,0.49657756090164185
14222500,0.7050200700759888
14236200,0.8444929122924805
14301000,0.8308706879615784
14303200,0.8168810606002808
14305500,0.8504451513290405
14306340,0.7699461579322815
14306500,0.8783663511276245
14308990,0.8563201427459717
14309500,0.710843563079834
14316700,0.6971335411071777
14325000,0.6683265566825867
14362250,0.4364718794822693
14400000,0.8102041482925415
<<<END L01
=== E. ID30 BASELINES (read-only) ===
--- D01 path=/data1/home/sunyiq/id30_modern_transformer_moe_20260827/repo/results/30_modern_transformer_moe/D01/modern_transformer_moe_D01_dense_d128_l4_s100_2026_0827_1955_ep30/validation/model_epoch030/validation_metrics.csv
<<<BEGIN BASE_D01 /data1/home/sunyiq/id30_modern_transformer_moe_20260827/repo/results/30_modern_transformer_moe/D01/modern_transformer_moe_D01_dense_d128_l4_s100_2026_0827_1955_ep30/validation/model_epoch030/validation_metrics.csv
basin,NSE
01022500,0.7328488826751709
01031500,0.8395349979400635
01047000,0.8157380819320679
01052500,0.8185400366783142
01054200,0.608472466468811
01055000,0.6208741664886475
01057000,0.7529221773147583
01073000,0.7000120282173157
01078000,0.8353168964385986
01123000,0.766790509223938
01134500,0.7368023991584778
01137500,0.7521820068359375
01139000,0.7777926921844482
01139800,0.7632079720497131
01142500,0.6514238119125366
01144000,0.7727954387664795
01162500,0.6715338230133057
01169000,0.6727839112281799
01170100,0.6928758025169373
01181000,0.508586049079895
01187300,0.767540693283081
01195100,0.6519050598144531
01333000,0.5159785151481628
01350000,0.7067738771438599
01350080,0.6756412982940674
01350140,0.670135498046875
01365000,0.7626078128814697
01411300,0.4733734726905823
01413500,0.6641798615455627
01414500,0.6349490284919739
01415000,0.6547213792800903
01423000,0.7287949323654175
01434025,0.5711642503738403
01435000,0.7197687029838562
01439500,0.697412371635437
01440000,0.7255163788795471
01440400,0.6769113540649414
01451800,0.7574974298477173
01466500,0.7347357273101807
01484100,0.7861061096191406
01487000,0.8582863807678223
01491000,0.8260480165481567
01510000,0.7519935965538025
01516500,0.5825942754745483
01518862,0.6591105461120605
01532000,0.7051888704299927
01539000,0.8154523968696594
01542810,0.747755765914917
01543000,0.8084326982498169
01543500,0.8241618871688843
01544500,0.8161360025405884
01545600,0.7236548662185669
01547700,0.7504290342330933
01548500,0.8605377674102783
01549500,0.7319736480712891
01550000,0.7731881737709045
01552000,0.7728921175003052
01552500,0.6541620492935181
01557500,0.8427774906158447
01567500,0.770907998085022
01568000,0.8161042928695679
01580000,0.624234676361084
01583500,0.46213120222091675
01586610,0.5878515839576721
01591400,0.3499087691307068
01594950,0.7626765966415405
01596500,0.7962148189544678
01605500,0.5975749492645264
01606500,0.7376499176025391
01632000,0.477830708026886
01632900,0.366025447845459
01634500,0.576485276222229
01638480,0.6842920780181885
01639500,0.6577887535095215
01644000,0.8216015100479126
01664000,0.8603869080543518
01666500,0.31950289011001587
01667500,0.28608888387680054
01669000,0.8179875612258911
01669520,0.8024131655693054
02011400,0.8174630403518677
02013000,0.8277345299720764
02014000,0.8363208174705505
02015700,0.6473830938339233
02016000,0.8171302080154419
02017500,0.7308920621871948
02018000,0.7655900120735168
02027000,0.6808342933654785
02027500,0.6159933805465698
02028500,0.6862182021141052
02038850,0.6697571277618408
02046000,0.69310063123703
02051500,0.7931047677993774
02053200,0.7547425031661987
02053800,0.8132794499397278
02055100,0.5454363822937012
02056900,0.7651863098144531
02059500,0.6486281156539917
02064000,0.5243434906005859
02065500,0.07867604494094849
02069700,0.5554736852645874
02070000,0.6366236209869385
02074500,0.6059622764587402
02077200,0.6421751976013184
02081500,0.5888700485229492
02082950,0.7824214696884155
02092500,0.8438031673431396
02096846,0.37041252851486206
02102908,0.6129748821258545
02108000,0.8602003455162048
02111180,0.6528388261795044
02111500,0.5724129676818848
02112120,0.4862021207809448
02112360,0.6979227066040039
02118500,0.5518205165863037
02125000,0.6419816017150879
02128000,0.5321828126907349
02137727,0.6609638929367065
02140991,0.7164853811264038
02143000,0.6479553580284119
02143040,0.47485703229904175
02149000,0.6860113739967346
02152100,0.5609457492828369
02177000,0.4332156777381897
02178400,0.7307407855987549
02193340,0.822735607624054
02196000,0.8581095933914185
02198100,0.6799346208572388
02202600,0.8925607204437256
02212600,0.5931441783905029
02215100,0.8147719502449036
02216180,0.6640607118606567
02221525,0.5397238731384277
02231000,0.892890214920044
02245500,0.36736810207366943
02246000,0.8480584025382996
02296500,0.15087294578552246
02297155,-8.024002075195312
02297310,-1.330195665359497
02298123,0.6322453022003174
02298608,0.3306922912597656
02299950,0.3477397561073303
02300700,-0.14904987812042236
02342933,0.3328934907913208
02349900,0.611836850643158
02350900,0.8056814074516296
02361000,0.784155011177063
02363000,0.7032190561294556
02369800,0.536652684211731
02371500,0.6041096448898315
02372250,0.6583062410354614
02374500,0.4069594740867615
02381600,0.38000988960266113
02384540,0.687015175819397
02395120,-0.37763798236846924
02415000,0.7020788192749023
02427250,0.7673446536064148
02430085,0.7025240659713745
02450250,0.53397536277771
02464000,0.6896887421607971
02464360,0.7108659744262695
02465493,-0.930595874786377
02469800,0.7459633350372314
02472000,0.8005509972572327
02472500,0.6033817529678345
02479155,0.5684570074081421
02479300,0.829786479473114
02479560,0.667492151260376
02481000,0.4496251344680786
02481510,0.6395968198776245
03010655,0.7661656141281128
03011800,0.6434484720230103
03015500,0.7666364908218384
03021350,0.7151004076004028
03026500,0.7458432912826538
03028000,0.7168023586273193
03049000,0.8076213598251343
03049800,0.6296327114105225
03050000,0.7443943023681641
03069500,0.7978287935256958
03070500,0.777176022529602
03076600,0.6738165020942688
03078000,0.7532339096069336
03140000,0.788782000541687
03144000,0.8039660453796387
03170000,0.7606444358825684
03173000,0.8535668849945068
03180500,0.742294430732727
03182500,0.776124894618988
03186500,0.7466350793838501
03237280,0.5675299167633057
03237500,0.6351886987686157
03238500,0.6215030550956726
03241500,0.7921099662780762
03280700,0.611594021320343
03281500,0.762245237827301
03285000,0.7439886927604675
03291780,0.5119961500167847
03338780,0.45321059226989746
03340800,0.794192910194397
03346000,0.7928886413574219
03364500,0.6039013862609863
03366500,0.6188075542449951
03368000,0.7051384449005127
03384450,0.6427519917488098
03439000,0.6554739475250244
03455500,0.40333861112594604
03456500,0.5389963388442993
03460000,0.7800897359848022
03463300,0.457284152507782
03471500,0.750510036945343
03473000,0.7882151007652283
03479000,0.4043288230895996
03488000,0.7886759638786316
03498500,0.7139490246772766
03500000,0.7257367372512817
03500240,0.4673033356666565
03504000,0.5652469396591187
03574500,0.6811790466308594
03592718,0.5436956882476807
03604000,0.5463391542434692
04015330,0.653313159942627
04024430,0.4377745985984802
04027000,0.5788953900337219
04040500,0.6463984847068787
04043050,0.8541014194488525
04045500,0.9080709218978882
04057510,0.7814478278160095
04057800,0.3542376160621643
04059500,0.8818243741989136
04063700,0.7687277793884277
04074950,0.737919807434082
04105700,0.6242051124572754
04115265,0.6455463171005249
04122200,0.7038763761520386
04122500,0.6625741720199585
04127918,0.5946786403656006
04127997,0.7023347020149231
04161580,0.6799548268318176
04185000,0.7011536359786987
04196800,0.6655882596969604
04197100,0.7127395868301392
04197170,0.7446824312210083
04213000,0.6634353995323181
04213075,0.4199393391609192
04216418,0.7102776765823364
04221000,0.7869582176208496
04224775,0.7990309596061707
04233000,0.7869866490364075
04256000,0.6712719202041626
04296000,0.68149733543396
05057200,0.25494080781936646
05120500,-25.627164840698242
05291000,0.3321272134780884
05362000,0.9156453013420105
05393500,0.8713703155517578
05399500,0.6382729411125183
05408000,0.6946153044700623
05413500,0.7334506511688232
05414000,0.4668560028076172
05444000,0.4428192377090454
05454000,0.3669700622558594
05458000,0.5732055902481079
05466500,-0.0016124248504638672
05487980,0.6514121890068054
05488200,0.552353024482727
05489000,0.5734695196151733
05495000,0.5405169725418091
05495500,0.4252586364746094
05501000,0.7226342558860779
05503800,0.8054444193840027
05507600,0.7065259218215942
05508805,0.7075296640396118
05525500,0.7845865488052368
05556500,0.6642211675643921
05584500,0.24735605716705322
05591550,0.7345623970031738
05592050,0.5540928840637207
05592575,0.6682277321815491
05593575,0.7069472074508667
05593900,0.7355827689170837
05595730,0.6816067695617676
06221400,0.8677480816841125
06224000,0.9151753783226013
06278300,0.7115663290023804
06280300,0.891537070274353
06289000,0.4663298726081848
06291500,0.5317167043685913
06311000,0.7578470706939697
06332515,0.7780339121818542
06339100,0.7005400657653809
06344600,0.3000108599662781
06350000,0.08594077825546265
06352000,0.09964460134506226
06404000,0.778310239315033
06406000,0.0693320631980896
06409000,-1.9931840896606445
06431500,0.3762044906616211
06440200,0.3282114863395691
06447500,0.5942443609237671
06470800,0.7137635946273804
06477500,-2.9455368518829346
06479215,0.32030266523361206
06601000,-0.30412352085113525
06614800,0.7046696543693542
06622700,0.7341068983078003
06623800,0.9185812473297119
06632400,0.6395136117935181
06746095,0.6413842439651489
06803510,0.6599231958389282
06803530,0.6907995939254761
06814000,0.5298905372619629
06847900,0.016139328479766846
06853800,0.4129182696342468
06876700,0.5567483901977539
06878000,0.7337456941604614
06879650,-0.07671582698822021
06885500,0.6423031687736511
06888500,0.6641604900360107
06889200,0.4994317293167114
06889500,0.8102962970733643
06892000,0.7205195426940918
06903400,0.5539987087249756
06906800,0.5625706911087036
06910800,0.6607098579406738
06911900,0.586677074432373
06917000,0.6541973352432251
06918460,0.4398500919342041
06919500,0.7778574824333191
06921070,0.5543144941329956
06921200,0.5798008441925049
07057500,0.8551865220069885
07060710,0.6158751249313354
07066000,0.7483509182929993
07083000,0.8606486916542053
07142300,-0.17048299312591553
07145700,0.7053823471069336
07167500,0.5661225318908691
07180500,0.4843735098838806
07184000,0.5593418478965759
07195800,-0.07587885856628418
07196900,0.4160849452018738
07197000,0.6654608845710754
07208500,0.5016036033630371
07261000,0.7514086961746216
07263295,0.6011176109313965
07291000,0.6732997894287109
07299670,0.20849615335464478
07301410,0.0008507966995239258
07315200,0.6034227609634399
07315700,0.6635912656784058
07335700,0.5812102556228638
07340300,0.7871335744857788
07346045,0.7804489135742188
07359610,0.6148545145988464
07362100,-0.6651873588562012
07362587,0.4743998646736145
07375000,0.5300313830375671
08013000,0.7987762093544006
08014500,0.2662878632545471
08023080,0.4408586025238037
08050800,0.6454846858978271
08066200,0.562437891960144
08066300,0.5991353392601013
08070000,0.5819219350814819
08070200,0.5741230845451355
08082700,0.11915254592895508
08086212,0.6516375541687012
08086290,0.5528961420059204
08101000,0.5406335592269897
08103900,0.5797579288482666
08104900,0.2978575825691223
08109700,0.5160402655601501
08150800,0.19613009691238403
08158700,0.46067774295806885
08158810,0.4519105553627014
08164300,0.5186902284622192
08164600,0.47746580839157104
08165300,-9.027507781982422
08171300,0.6236039996147156
08175000,0.32226747274398804
08176900,0.29010945558547974
08178880,-1.3463630676269531
08189500,0.22129464149475098
08190000,-0.4165380001068115
08190500,-1.7355287075042725
08194200,-0.5193499326705933
08195000,-0.9316506385803223
08196000,-0.12188446521759033
08198500,-0.06192779541015625
08200000,0.31064820289611816
08202700,0.1696677803993225
08267500,0.11018294095993042
08269000,-0.01945817470550537
08271000,0.22722822427749634
08324000,0.5387582182884216
08377900,0.81070876121521
08378500,0.7696883678436279
08380500,0.10184645652770996
09035800,0.8234975934028625
09035900,0.9083638191223145
09047700,0.8171987533569336
09065500,0.8064942359924316
09066000,0.8070248365402222
09066200,0.857832670211792
09066300,0.8471069931983948
09081600,0.8614031076431274
09107000,0.8425546884536743
09210500,0.5057392120361328
09223000,0.7786473035812378
09306242,0.22046351432800293
09312600,0.7751142978668213
09352900,0.7341262102127075
09378170,0.4402610659599304
09386900,0.022135794162750244
09404450,0.03422558307647705
09430600,0.047530412673950195
09447800,-0.26645660400390625
09484600,0.11564725637435913
09492400,0.5050982236862183
09494000,0.501200795173645
09497980,0.5504974126815796
09505350,0.2821394205093384
09505800,0.6222785711288452
09508300,0.13525545597076416
09510200,0.3026841878890991
09512280,0.18873095512390137
09513780,0.15463441610336304
10234500,0.39212459325790405
10244950,-0.6798187494277954
10259000,0.31482791900634766
10336645,0.8185072541236877
10336660,0.9067000150680542
10343500,0.20596575736999512
11124500,0.6739716529846191
11141280,-4.3961920738220215
11143000,-0.28950583934783936
11148900,0.3656587600708008
11151300,-1.639145851135254
11176400,0.7057546377182007
11230500,0.44432175159454346
11237500,0.7478550672531128
11264500,0.9096615314483643
11266500,0.9475232362747192
11284400,0.5397031307220459
11381500,0.5507552623748779
11451100,0.6687836050987244
11468500,0.8797257542610168
11473900,0.6519489288330078
11475560,0.7068414092063904
11476600,0.7111749053001404
11478500,0.6872217655181885
11480390,0.5624643564224243
11481200,0.7930848598480225
11482500,0.7922031283378601
11522500,0.83273845911026
11523200,0.7783651947975159
11528700,0.605614185333252
11532500,0.871435284614563
12010000,0.8574626445770264
12013500,0.8045820593833923
12020000,0.2910866141319275
12025700,0.8455992937088013
12035000,0.8258886933326721
12040500,0.7378479242324829
12041200,0.7208797931671143
12048000,0.6707611680030823
12054000,0.6597992181777954
12056500,0.5450149774551392
12073500,0.6202991008758545
12082500,0.6927778124809265
12092000,0.7384088039398193
12114500,0.7440344095230103
12115000,0.767840564250946
12117000,0.8077248334884644
12143600,0.6834481954574585
12144000,0.7241703867912292
12145500,0.862475574016571
12147500,0.7216085195541382
12167000,0.5423587560653687
12175500,0.7961140871047974
12178100,0.7303391098976135
12186000,0.6545087099075317
12189500,0.6467148065567017
12375900,0.7570458054542542
12377150,0.8811970949172974
12381400,0.7209489345550537
12383500,0.7106465101242065
12390700,0.7542776465415955
12411000,0.6002451181411743
12447390,0.7133020758628845
12451000,0.8807652592658997
12488500,0.6940301656723022
13011500,0.8871291279792786
13011900,0.8646227121353149
13018300,0.47241538763046265
13023000,0.8158918619155884
13161500,0.8730067014694214
13235000,0.7629860043525696
13240000,0.833460807800293
13313000,0.9365894198417664
13331500,0.7590187788009644
14020000,0.4031907320022583
14096850,0.1257595419883728
14137000,0.675217866897583
14138800,0.6382940411567688
14138870,0.7571049928665161
14138900,0.6733127236366272
14139800,0.7289217710494995
14141500,0.7318949699401855
14154500,0.7692958116531372
14158790,0.5104624629020691
14166500,0.9067308306694031
14182500,0.6680140495300293
14185000,0.8102408051490784
14185900,0.7813534736633301
14187000,0.8650071620941162
14216500,0.6245627403259277
14222500,0.7768197059631348
14236200,0.7584872841835022
14301000,0.896196186542511
14303200,0.7354608774185181
14305500,0.832822322845459
14306340,0.810901403427124
14306500,0.8514059782028198
14308990,0.7677608132362366
14309500,0.7056654095649719
14316700,0.671033501625061
14325000,0.763367235660553
14362250,0.40803104639053345
14400000,0.8274722695350647
<<<END BASE_D01
--- B01 path=/data1/home/sunyiq/id30_modern_transformer_moe_20260827/repo/results/30_modern_transformer_moe/B01/modern_transformer_moe_B01_lstm_s100_2026_0827_1820_ep30/validation/model_epoch030/validation_metrics.csv
<<<BEGIN BASE_B01 /data1/home/sunyiq/id30_modern_transformer_moe_20260827/repo/results/30_modern_transformer_moe/B01/modern_transformer_moe_B01_lstm_s100_2026_0827_1820_ep30/validation/model_epoch030/validation_metrics.csv
basin,NSE
01022500,0.840348482131958
01031500,0.832870602607727
01047000,0.8854019045829773
01052500,0.8684292435646057
01054200,0.6223454475402832
01055000,0.7121614217758179
01057000,0.851912796497345
01073000,0.7948282957077026
01078000,0.842592716217041
01123000,0.8117185831069946
01134500,0.8077681064605713
01137500,0.8001182675361633
01139000,0.8165569305419922
01139800,0.5614556670188904
01142500,0.7293184399604797
01144000,0.7774074673652649
01162500,0.6755997538566589
01169000,0.6090052723884583
01170100,0.5861752033233643
01181000,0.6057347059249878
01187300,0.7271395325660706
01195100,0.6821048259735107
01333000,0.4089123010635376
01350000,0.6099688410758972
01350080,0.4786112904548645
01350140,0.5569972991943359
01365000,0.7165456414222717
01411300,0.6610767841339111
01413500,0.3961257338523865
01414500,0.5449645519256592
01415000,0.5097149610519409
01423000,0.6346964836120605
01434025,0.5326998233795166
01435000,0.6709180474281311
01439500,0.684407651424408
01440000,0.7360211610794067
01440400,0.6489830613136292
01451800,0.7819777727127075
01466500,0.7753135561943054
01484100,0.733830451965332
01487000,0.8962512612342834
01491000,0.8636871576309204
01510000,0.7921327352523804
01516500,0.6908385753631592
01518862,0.7155857682228088
01532000,0.7015331387519836
01539000,0.8235998749732971
01542810,0.8308913707733154
01543000,0.8900660276412964
01543500,0.8966276049613953
01544500,0.8252019286155701
01545600,0.8283064365386963
01547700,0.5602144598960876
01548500,0.9135624170303345
01549500,0.6926563382148743
01550000,0.7082264423370361
01552000,0.7467228174209595
01552500,0.6154125332832336
01557500,0.8135926723480225
01567500,0.7564337849617004
01568000,0.8449398875236511
01580000,0.6278749704360962
01583500,0.45519840717315674
01586610,0.604211688041687
01591400,0.27411752939224243
01594950,0.7189598083496094
01596500,0.8182353377342224
01605500,0.7614690661430359
01606500,0.754051923751831
01632000,0.5271586179733276
01632900,0.654259204864502
01634500,0.6499122381210327
01638480,0.7501652240753174
01639500,0.7319775819778442
01644000,0.8969058990478516
01664000,0.8660026788711548
01666500,0.7493541240692139
01667500,0.7610468864440918
01669000,0.7779813408851624
01669520,0.7732900381088257
02011400,0.8935015797615051
02013000,0.847008228302002
02014000,0.8849219679832458
02015700,0.7989704012870789
02016000,0.8288180232048035
02017500,0.7430250644683838
02018000,0.7886013984680176
02027000,0.744756817817688
02027500,0.6223134994506836
02028500,0.6639142036437988
02038850,0.6692565679550171
02046000,0.7606922388076782
02051500,0.8196274042129517
02053200,0.7939275503158569
02053800,0.7753211259841919
02055100,0.6732905507087708
02056900,0.7288342714309692
02059500,0.6911494731903076
02064000,0.8528887033462524
02065500,0.26292067766189575
02069700,0.6240423321723938
02070000,0.6281535625457764
02074500,0.47428470849990845
02077200,0.7208225727081299
02081500,0.7435902953147888
02082950,0.8281964063644409
02092500,0.9352080225944519
02096846,0.4105476140975952
02102908,0.6857208013534546
02108000,0.8218384981155396
02111180,0.6325283050537109
02111500,0.5450681447982788
02112120,0.5207290649414062
02112360,0.6894487142562866
02118500,0.5674050450325012
02125000,0.9003745317459106
02128000,0.6988868713378906
02137727,0.6441066265106201
02140991,0.7264856100082397
02143000,0.7123855352401733
02143040,0.5991829633712769
02149000,0.6670153737068176
02152100,0.6499000787734985
02177000,0.7665807008743286
02178400,0.7535160779953003
02193340,0.8348100185394287
02196000,0.855110228061676
02198100,0.6227439045906067
02202600,0.8138434290885925
02212600,0.7801348567008972
02215100,0.5766243934631348
02216180,0.7351455688476562
02221525,0.5792018175125122
02231000,0.8910931944847107
02245500,0.44944196939468384
02246000,0.850104033946991
02296500,0.29899781942367554
02297155,-11.31335735321045
02297310,-0.9082702398300171
02298123,0.7912572026252747
02298608,0.16213244199752808
02299950,0.6429960131645203
02300700,0.03891056776046753
02342933,0.5506622791290283
02349900,0.3213680386543274
02350900,0.8579439520835876
02361000,0.833669900894165
02363000,0.673509955406189
02369800,0.7637230753898621
02371500,0.5193034410476685
02372250,-0.019083261489868164
02374500,0.5065710544586182
02381600,0.266198992729187
02384540,0.5311245918273926
02395120,0.36252927780151367
02415000,0.725914478302002
02427250,0.6422654986381531
02430085,0.7457553148269653
02450250,0.3107963800430298
02464000,0.6600083708763123
02464360,0.6468448638916016
02465493,0.2213383913040161
02469800,0.8223083019256592
02472000,0.8462320566177368
02472500,0.7319959402084351
02479155,0.6936146020889282
02479300,0.8213053345680237
02479560,0.5886238813400269
02481000,0.6359360218048096
02481510,0.7889926433563232
03010655,0.8195681571960449
03011800,0.7484711408615112
03015500,0.8378339409828186
03021350,0.7216758728027344
03026500,0.8804563283920288
03028000,0.8875069618225098
03049000,0.787466824054718
03049800,0.6905072927474976
03050000,0.8400582075119019
03069500,0.9055899381637573
03070500,0.8418886661529541
03076600,0.7399262189865112
03078000,0.7968153953552246
03140000,0.7905023097991943
03144000,0.8537390828132629
03170000,0.7684799432754517
03173000,0.7811986804008484
03180500,0.7669190168380737
03182500,0.801191508769989
03186500,0.8213626742362976
03237280,0.5732448101043701
03237500,0.6231018304824829
03238500,0.5352801084518433
03241500,0.8091776371002197
03280700,0.7247096300125122
03281500,0.8075767755508423
03285000,0.6820158958435059
03291780,0.615923285484314
03338780,0.49319231510162354
03340800,0.8718549609184265
03346000,0.7817914485931396
03364500,0.7391102313995361
03366500,0.6320423483848572
03368000,0.7572904825210571
03384450,0.763460636138916
03439000,0.664530873298645
03455500,0.33010125160217285
03456500,0.5230751037597656
03460000,0.7452248930931091
03463300,0.6368395090103149
03471500,0.796836793422699
03473000,0.7667107582092285
03479000,0.4900825619697571
03488000,0.8575316667556763
03498500,0.8109043836593628
03500000,0.7786946296691895
03500240,0.688818633556366
03504000,0.7418241500854492
03574500,0.604310929775238
03592718,0.5680075883865356
03604000,0.7658326029777527
04015330,0.6979124546051025
04024430,0.5354479551315308
04027000,0.7654039859771729
04040500,0.6994218826293945
04043050,0.8570775985717773
04045500,0.9026992321014404
04057510,0.7067850828170776
04057800,0.5599536895751953
04059500,0.8797899484634399
04063700,0.5655040144920349
04074950,0.8576843738555908
04105700,0.5615155696868896
04115265,0.7067251205444336
04122200,0.7822145819664001
04122500,0.6216217279434204
04127918,0.6210205554962158
04127997,0.7505921721458435
04161580,0.6618912220001221
04185000,0.7047268152236938
04196800,0.479836642742157
04197100,0.6206482648849487
04197170,0.7758418917655945
04213000,0.673874020576477
04213075,0.48321330547332764
04216418,0.7341687679290771
04221000,0.839198112487793
04224775,0.7655719518661499
04233000,0.758405327796936
04256000,0.7930869460105896
04296000,0.7467607259750366
05057200,0.4338703155517578
05120500,-29.34272003173828
05291000,0.29780906438827515
05362000,0.7805233597755432
05393500,0.7746344804763794
05399500,0.7751325368881226
05408000,0.5790283679962158
05413500,0.726608157157898
05414000,0.4617869257926941
05444000,0.4839494824409485
05454000,0.5845463871955872
05458000,0.6287819147109985
05466500,0.604056179523468
05487980,0.6753653287887573
05488200,0.660157322883606
05489000,0.6481369137763977
05495000,0.723716139793396
05495500,0.4346386194229126
05501000,0.7515735626220703
05503800,0.780522346496582
05507600,0.8353862762451172
05508805,0.8902920484542847
05525500,0.8627498149871826
05556500,0.7425611019134521
05584500,0.511172890663147
05591550,0.7442992925643921
05592050,0.6325051784515381
05592575,0.7792559266090393
05593575,0.6098493337631226
05593900,0.7666225433349609
05595730,0.6896622180938721
06221400,0.9186233878135681
06224000,0.9206114411354065
06278300,0.8095167875289917
06280300,0.800006628036499
06289000,0.374261736869812
06291500,0.7549723982810974
06311000,0.5839592218399048
06332515,-1.1194844245910645
06339100,0.5052658319473267
06344600,-0.023677706718444824
06350000,-0.36385810375213623
06352000,-0.019195199012756348
06404000,0.43621188402175903
06406000,0.045508384704589844
06409000,-4.505600452423096
06431500,0.4392503499984741
06440200,0.7020399570465088
06447500,0.5194816589355469
06470800,0.8399705290794373
06477500,0.4532274007797241
06479215,0.34071314334869385
06601000,-0.15487241744995117
06614800,0.8159907460212708
06622700,0.71089106798172
06623800,0.9148633480072021
06632400,0.7365394234657288
06746095,0.6881543397903442
06803510,0.7243562936782837
06803530,0.6838245391845703
06814000,0.7305290699005127
06847900,0.10691940784454346
06853800,0.1708417534828186
06876700,0.35500025749206543
06878000,0.7432286739349365
06879650,0.3846967816352844
06885500,0.7918209433555603
06888500,0.7054023146629333
06889200,0.7022069692611694
06889500,0.7391718626022339
06892000,0.6949768662452698
06903400,0.6293190717697144
06906800,0.7375805377960205
06910800,0.8584063649177551
06911900,0.7608314752578735
06917000,0.76842200756073
06918460,-0.017249703407287598
06919500,0.7625524401664734
06921070,0.6366405487060547
06921200,0.7322535514831543
07057500,0.8434106111526489
07060710,0.6834555864334106
07066000,0.8880201578140259
07083000,0.846681535243988
07142300,0.07155168056488037
07145700,0.6833415031433105
07167500,0.6204869747161865
07180500,0.7565418481826782
07184000,0.7067569494247437
07195800,-0.3493748903274536
07196900,0.7255278825759888
07197000,0.7469593286514282
07208500,0.37143611907958984
07261000,0.9197200536727905
07263295,0.7028201818466187
07291000,0.4958036541938782
07299670,0.19869452714920044
07301410,0.04408484697341919
07315200,0.4248078465461731
07315700,0.526376485824585
07335700,0.6840535402297974
07340300,0.806200385093689
07346045,0.7004655599594116
07359610,0.7860088348388672
07362100,0.18574804067611694
07362587,0.4710337519645691
07375000,0.5830131769180298
08013000,0.8462453484535217
08014500,0.45052915811538696
08023080,0.6352478861808777
08050800,0.3337610960006714
08066200,0.6494638919830322
08066300,0.6472879648208618
08070000,0.6121953725814819
08070200,0.5991992950439453
08082700,0.2180594801902771
08086212,0.6062748432159424
08086290,0.6532593965530396
08101000,0.5676127672195435
08103900,0.42666614055633545
08104900,0.40162724256515503
08109700,0.41130733489990234
08150800,-3.316408634185791
08158700,0.23157930374145508
08158810,0.3433266878128052
08164300,0.47557133436203003
08164600,0.6370391845703125
08165300,-20.5589599609375
08171300,0.6525064706802368
08175000,0.4359455704689026
08176900,0.2705116271972656
08178880,0.14640706777572632
08189500,0.7214372158050537
08190000,-0.10008859634399414
08190500,-0.022875666618347168
08194200,-0.8979132175445557
08195000,0.09813958406448364
08196000,0.146966814994812
08198500,0.11813575029373169
08200000,0.3217232823371887
08202700,0.10022294521331787
08267500,-0.002768397331237793
08269000,0.08385789394378662
08271000,0.263131320476532
08324000,0.7086820602416992
08377900,0.7407416701316833
08378500,0.6879608631134033
08380500,0.5871304273605347
09035800,0.878205418586731
09035900,0.9313517808914185
09047700,0.8877387046813965
09065500,0.9617588520050049
09066000,0.975513219833374
09066200,0.9170706272125244
09066300,0.9614297747612
09081600,0.9378500580787659
09107000,0.9038573503494263
09210500,0.7030227780342102
09223000,0.7353677749633789
09306242,0.12055093050003052
09312600,0.5094802379608154
09352900,0.6463962197303772
09378170,0.5443350076675415
09386900,0.07426673173904419
09404450,0.6537926197052002
09430600,0.026838183403015137
09447800,-0.465936541557312
09484600,0.17585432529449463
09492400,0.49100589752197266
09494000,0.3660459518432617
09497980,0.5814504623413086
09505350,0.05823415517807007
09505800,-1.5622553825378418
09508300,0.3360259532928467
09510200,0.625901460647583
09512280,0.3474462628364563
09513780,0.2154374122619629
10234500,0.6427581906318665
10244950,-1.25834059715271
10259000,0.45053237676620483
10336645,0.819571316242218
10336660,0.8734030723571777
10343500,0.5742167234420776
11124500,0.7579368352890015
11141280,0.13748711347579956
11143000,0.5955871343612671
11148900,0.5419628024101257
11151300,0.42746400833129883
11176400,0.6312061548233032
11230500,0.6594278216362
11237500,0.5624704360961914
11264500,0.958466112613678
11266500,0.9236501455307007
11284400,0.21819210052490234
11381500,0.6517232656478882
11451100,0.6905854940414429
11468500,0.8814550638198853
11473900,0.7970675826072693
11475560,0.7728934288024902
11476600,0.6899927854537964
11478500,0.49467235803604126
11480390,0.5092523097991943
11481200,0.7699159383773804
11482500,0.7446881532669067
11522500,0.7443230748176575
11523200,0.7189291715621948
11528700,0.4854736924171448
11532500,0.8895054459571838
12010000,0.8345034122467041
12013500,0.8498632311820984
12020000,0.2947043776512146
12025700,0.8536146879196167
12035000,0.821927011013031
12040500,0.7522621154785156
12041200,0.7709554433822632
12048000,0.6051303148269653
12054000,0.7321916818618774
12056500,0.6923823952674866
12073500,0.7481783032417297
12082500,0.7587670087814331
12092000,0.731123685836792
12114500,0.41501176357269287
12115000,0.572192907333374
12117000,0.7660739421844482
12143600,0.7330007553100586
12144000,0.7599331736564636
12145500,0.8998421430587769
12147500,0.7428382635116577
12167000,0.5965424180030823
12175500,0.8464146256446838
12178100,0.816253662109375
12186000,0.7097728848457336
12189500,0.7273341417312622
12375900,0.6974117755889893
12377150,0.8680851459503174
12381400,0.7861496806144714
12383500,0.7439655065536499
12390700,0.8620514869689941
12411000,0.710634708404541
12447390,0.38531702756881714
12451000,0.888449490070343
12488500,0.5271329879760742
13011500,0.8394867777824402
13011900,0.8117899298667908
13018300,0.3903812766075134
13023000,0.9071142673492432
13161500,0.8603180646896362
13235000,0.6723787784576416
13240000,0.8681850433349609
13313000,0.8227114081382751
13331500,0.7575154900550842
14020000,0.47041863203048706
14096850,0.233578622341156
14137000,0.7122300267219543
14138800,0.6745008230209351
14138870,0.7742986083030701
14138900,0.6926589012145996
14139800,0.7570052742958069
14141500,0.7407249808311462
14154500,0.803571343421936
14158790,0.5809465646743774
14166500,0.8995685577392578
14182500,0.7070931196212769
14185000,0.7654677629470825
14185900,0.787577748298645
14187000,0.8188887238502502
14216500,0.5658223628997803
14222500,0.8736869096755981
14236200,0.863986074924469
14301000,0.9128382802009583
14303200,0.7499051094055176
14305500,0.8692293167114258
14306340,0.7892794013023376
14306500,0.8791656494140625
14308990,0.8793973922729492
14309500,0.6673586368560791
14316700,0.749809741973877
14325000,0.6551574468612671
14362250,0.5717191696166992
14400000,0.8341610431671143
<<<END BASE_B01
ID32_WATCH_SEQ5_COMPLETE
### ---------- end ----------
### exit_code=0
### finished=2026-09-03T03:10:27+0800
