### channel=id29-transferable-noise seq=6
### host=login4
### started=2026-09-02T18:06:24+0800
### ---------- output ----------
=== WAIT (max 9 min) ===
t=60s left=2 218649:R:13:34 218650:R:13:34 
t=120s left=2 218649:R:14:36 218650:R:14:36 
t=180s left=2 218649:R:15:38 218650:R:15:38 
t=240s left=2 218649:R:16:38 218650:R:16:38 
t=300s left=2 218649:R:17:38 218650:R:17:38 
t=360s left=2 218649:R:18:39 218650:R:18:39 
t=420s left=2 218649:R:19:40 218650:R:19:40 
t=480s left=1 218650:R:20:40 
t=540s left=1 218650:R:21:40 
=== SACCT ===
     JobID        JobName  NodeList        State ExitCode    Elapsed AllocC     MaxRSS 
---------- -------------- --------- ------------ -------- ---------- ------ ---------- 
    218649    id29-denorm    ngu010    COMPLETED      0:0   00:20:27     24            
    218650    id29-extra4    ngu001      RUNNING      0:0   00:22:26     24            
=== FILES denorm ===
=== FILE results/23_camels_switch_confirmation/noise_axis_denormalized_transfer_control_20260902_hpc/p0_report.json ===
{
 "rows": [
  {
   "receiver": "01144000",
   "donor": "14316700",
   "ratio_new": 0.7524524005371133,
   "registered": 0.7524524005371162,
   "orientation": "donor_row",
   "abs_diff": 2.886579864025407e-15
  },
  {
   "receiver": "01144000",
   "donor": "04233000",
   "ratio_new": 0.7125648013535466,
   "registered": 0.7125648013535488,
   "orientation": "donor_row",
   "abs_diff": 2.220446049250313e-15
  },
  {
   "receiver": "01144000",
   "donor": "01144000",
   "absolute_self": 0.7629909227257806,
   "ratio_self": 0.7629909227257806,
   "abs_diff": 0.0,
   "orientation": "diagonal_identity"
  },
  {
   "receiver": "01435000",
   "donor": "14316700",
   "ratio_new": 0.634260577910573,
   "registered": 0.6342605779105719,
   "orientation": "donor_row",
   "abs_diff": 1.1102230246251565e-15
  },
  {
   "receiver": "01435000",
   "donor": "04233000",
   "ratio_new": 0.625923419740815,
   "registered": 0.6259234197408169,
   "orientation": "donor_row",
   "abs_diff": 1.887379141862766e-15
  },
  {
   "receiver": "01435000",
   "donor": "01435000",
   "absolute_self": 0.6446844894272886,
   "ratio_self": 0.6446844894272886,
   "abs_diff": 0.0,
   "orientation": "diagonal_identity"
  }
 ],
 "worst_abs_diff": 2.886579864025407e-15,
 "tolerance": 1e-08,
 "passed": true
}
=== END FILE ===
=== FILE results/23_camels_switch_confirmation/noise_axis_denormalized_transfer_control_20260902_hpc/summary.json ===
{
 "n_receivers": 52,
 "n_failed": 0,
 "diag_abs_diff_max": 4.796163466380676e-14,
 "absolute_e2_gain_median": 0.027150296852384737,
 "absolute_e2_wins": 33,
 "absolute_e2_donor_counts": {
  "14306340": 51,
  "01510000": 1
 },
 "absolute_e1_gain_median": 0.006341968827777045,
 "absolute_e1_wins": 29,
 "absolute_oracle_gain_median": 0.05062880442484463,
 "absolute_harmful_donors": 38,
 "registered_ratio_e2_gain_median": 0.04093,
 "registered_ratio_e2_wins": 38,
 "registered_ratio_e1_gain_median": 0.0316,
 "registered_ratio_harmful_donors": 23,
 "delta_e2_ratio_minus_absolute": 0.013779703147615265,
 "outcome": "A_normalization_necessary"
}
=== END FILE ===
=== FILE results/23_camels_switch_confirmation/noise_axis_denormalized_transfer_control_20260902_hpc/receivers_per_basin.csv ===
basin_id,status,m1c0_nse_holdout,absolute_e1_nse,ratio_self_nse,absolute_self_nse,diag_abs_diff
01144000,success,0.6550340129283346,0.7346036855252016,0.7629909227257806,0.7629909227257806,0.0
01435000,success,0.6382193470147683,0.5009828719785441,0.6446844894272886,0.6446844894272886,0.0
01510000,success,0.6990424639833396,0.7340986300850222,0.7785393876764266,0.7785393876764266,0.0
01552500,success,0.5745984684411456,0.5451270287344787,0.6127531926544016,0.6127531926544023,6.661338147750939e-16
01568000,success,0.31032844730122155,0.4761860733615868,0.5047756070538831,0.5047756070538831,0.0
01667500,success,0.6283809850306987,0.6341641593650389,0.6579210878638444,0.6579210878638444,0.0
02014000,success,0.761560743083936,0.764899842695333,0.7431732298575676,0.7431732298575676,0.0
02017500,success,0.8251929803318486,0.7190218231768668,0.7409736733669484,0.7409736733669484,0.0
02027000,success,0.6194627696642314,0.5583933003761992,0.6911507949798321,0.6911507949798321,0.0
02028500,success,0.5458117308364574,0.46162055051973483,0.5615463197339035,0.5615463197339035,0.0
02046000,success,0.6714861652051621,0.7616378524057916,0.864406911951249,0.864406911951249,0.0
02096846,success,0.6053919273985655,0.6042902336595019,0.6092546528897012,0.6092546528897012,0.0
02193340,success,0.690390183241566,0.6868049104742574,0.6991753274655795,0.6991753274655795,0.0
02202600,success,0.8052032725039098,0.8605572962278787,0.8356657373633354,0.8356657373633354,0.0
02221525,success,0.7366713613966155,0.683871670270433,0.7534766257448449,0.7534766257448451,2.220446049250313e-16
02349900,success,0.5696936395851946,0.5473833694245939,0.5872789166447219,0.5872789166447219,0.0
02371500,success,0.7725837727879272,0.8520975785148877,0.8760183818935802,0.8760183818935797,4.440892098500626e-16
02430085,success,0.6524782918961571,0.640115240301744,0.6054705078698754,0.6054705078698807,5.218048215738236e-15
03241500,success,0.5562152254385819,0.6703281277417557,0.7781262060876335,0.7781262060876343,7.771561172376096e-16
03384450,success,0.26240746430524264,0.22433931330426027,0.28495747324485665,0.28495747324485665,0.0
03473000,success,0.4163135677591274,0.5607688849333433,0.7270824352629706,0.7270824352629706,0.0
04015330,success,0.8507188203977548,0.813494192111385,0.8661836219109269,0.8661836219109269,0.0
04196800,success,0.799835578281102,0.8740238639749285,0.9021364002491783,0.9021364002491784,1.1102230246251565e-16
04197170,success,0.641399120285487,0.6695061529429989,0.660906136291191,0.660906136291191,0.0
04233000,success,0.3876213595686131,0.36613846641943526,0.4202625058999728,0.42026250589997294,1.1102230246251565e-16
05399500,success,-0.03798773891463325,0.07032118788411701,0.10846225087599715,0.10846225087599715,0.0
05488200,success,0.48940298486083733,0.5596760304683541,0.6260185895749968,0.6260185895749968,0.0
05501000,success,0.7041114368606985,0.7537347024946748,0.7538643421075337,0.7538643421075338,1.1102230246251565e-16
06278300,success,0.7869248016302106,0.8407542944932846,0.8462679572046107,0.8462679572046107,0.0
06892000,success,0.7742605457220464,0.8226535156057581,0.8232985638945745,0.8232985638945745,0.0
07145700,success,0.7052302441736367,0.7414874894855895,0.717059735494894,0.7170597354948951,1.1102230246251565e-15
07184000,success,0.8160927915992261,0.8131954440261815,0.8118316935804135,0.8118316935804104,3.1086244689504383e-15
08070200,success,0.8545649469763392,0.8846921944618165,0.8965948381269325,0.8965948381269325,0.0
08271000,success,0.9723661571610692,0.9852915973041944,0.992438951484607,0.992438951484607,0.0
09505350,success,0.4434978068397927,0.3934701116765077,0.4377245601655728,0.43772456016558003,7.216449660063518e-15
09510200,success,0.7012958037765475,0.6676810881959172,0.7475361309147608,0.7475361309147608,0.0
11148900,success,0.5146962518172823,0.28347762896504414,0.7045281544554172,0.7045281544554172,0.0
11264500,success,0.9559167659525751,0.9706810248564753,0.9709188907001871,0.9709188907001871,0.0
11266500,success,0.9565888628054284,0.9679111221355763,0.9626057324662938,0.9626057324662936,2.220446049250313e-16
11381500,success,0.5600576441854628,0.5667859529384199,0.5659658093899438,0.5659658093899438,0.0
11451100,success,0.5114621613776192,0.44079885927593554,0.24080307934644496,0.240803079346397,4.796163466380676e-14
11476600,success,0.7977474011744212,0.7541077627999493,0.8111753543161958,0.8111753543161974,1.5543122344752192e-15
11481200,success,0.8160064710901828,0.7664624802981679,0.8304255994340427,0.8304255994340433,5.551115123125783e-16
11482500,success,0.8655693662859305,0.8428717871613485,0.7452174288305258,0.7452174288305258,0.0
11522500,success,0.7366370214503362,0.76492088082689,-1.2689263235456272,-1.268926323545624,3.1086244689504383e-15
12025700,success,0.8616124877160386,0.9230197308334555,0.8918433976257585,0.8918433976257585,0.0
13161500,success,0.36258755741160376,-0.3316015657443958,0.9582990661933338,0.9582990661933339,1.1102230246251565e-16
14137000,success,0.8471831264938294,0.8623308900054225,0.8739739865513804,0.8739739865513804,0.0
14158790,success,0.8786147557789072,0.9095138092788344,0.8967744393549262,0.8967744393549262,0.0
14222500,success,0.8689434247949975,0.9064671994691199,0.8941739099671543,0.8941739099671543,0.0
14306340,success,0.8132033205280801,0.7414977695585998,0.7823504422089254,0.7823504422089254,0.0
14316700,success,0.8120290316273154,0.8179846605299124,0.8280959613921743,0.8280959613921743,0.0

=== END FILE ===
=== FILE results/23_camels_switch_confirmation/noise_axis_denormalized_transfer_control_20260902_hpc/absolute_matrix_nse_holdout.csv ===
donor,01144000,01435000,01510000,01552500,01568000,01667500,02014000,02017500,02027000,02028500,02046000,02096846,02193340,02202600,02221525,02349900,02371500,02430085,03241500,03384450,03473000,04015330,04196800,04197170,04233000,05399500,05488200,05501000,06278300,06892000,07145700,07184000,08070200,08271000,09505350,09510200,11148900,11264500,11266500,11381500,11451100,11476600,11481200,11482500,11522500,12025700,13161500,14137000,14158790,14222500,14306340,14316700
01144000,0.7629909227257806,0.5375595415633017,0.7953285750604224,0.6216303682146489,0.6497397853818377,0.6202788959753525,0.6625641725341564,0.6984909781156543,0.66796774983229,0.5168908240551588,0.815693640255674,0.04265929187240802,0.556081759646591,0.8432927851337538,0.7341957494863369,0.5719663779504227,0.8761602300580845,0.46704928888043806,0.7714415933802964,-0.7676088896206414,0.7113106436549739,0.8609976313298346,0.9027151960979356,0.5110839577377385,-0.34946886984239,0.376242424973219,0.6784163406847825,0.7643460298552196,0.9012261095084997,0.8029938305481128,0.7347003852945089,0.6528130330159353,0.9017466260980785,0.9738218990853644,0.4951847301211998,0.6973067717380184,0.5630950998234885,0.9533242270112801,0.9532823954192375,0.5832494408676401,0.4867725637626654,0.7992905161616769,0.8212668139639675,0.8763519257874,0.7541805532058334,0.9214241056511742,-4.851730894909341,0.8633803429788354,0.9050133625734462,0.9092122930914023,0.7436594547484675,0.8411744810616172
01435000,0.6549384286010286,0.6446844894272886,0.7539985011161802,0.6364731751069579,0.5120599513285284,0.6357522789338999,0.7629780552746137,0.8202965219257075,0.6380915241162042,0.5674893496757584,0.7409655723586606,0.6045907798606588,0.6869493047859148,0.8580213035115539,0.6603278595643594,0.5381752430224485,0.8518207180271982,0.627122653334111,0.6555066710471384,0.2417787332297715,0.5451637317293637,0.8683970276149646,0.8738763009975807,0.6703324699134202,0.36435401515805166,0.05907786494421707,0.5862897415643596,0.7500771658844615,0.8596402123460886,0.8258578109723413,0.746753562430259,0.8153394334883848,0.8862594439756395,0.9500820258193692,0.47477648562027375,0.7053938599563547,0.586611346811933,0.9424784711389977,0.9458151520022834,0.5857962551011192,0.5828818839116591,0.8300018946670851,0.8289405799477709,0.8904063643259132,0.7141891373269885,0.8908332205898052,0.687869249080048,0.8144916075069969,0.8439426018901113,0.8547594711359359,0.8065719996716568,0.8077401531964139
01510000,0.6979801724035961,0.6161270188812742,0.7785393876764266,0.6467884652684908,0.5669723357423573,0.6554075587644859,0.7621903505680387,0.8111818679071701,0.6583442313953956,0.5919849361576652,0.7799915549751202,0.5419304032605602,0.6805002762325784,0.8700858355410261,0.6821861285103192,0.5438338590826388,0.8790468037146517,0.6180509980330579,0.6928913289985661,0.12299960618060357,0.6229774186214079,0.8694324463168918,0.8822414461486588,0.6671100425592695,0.2928686321907925,0.09613434190055814,0.6134259224435239,0.7588907262924363,0.8594540366683039,0.8256707188552824,0.7350405724209853,0.799304989356653,0.8931198031716345,0.9592580789585046,0.49843076875903636,0.7116098454820288,0.6072640076912973,0.9404804924590464,0.9431900812562718,0.592884604204604,0.5888010536135609,0.8299238835476068,0.829407387338252,0.8905895985866628,0.7327735321619094,0.9180851620564952,-3.6615601460128255,0.8457650985158304,0.8868805375085651,0.8877720492418456,0.7988861244197558,0.8247649757041998
01552500,0.5714145864265674,0.6327242578090466,0.7015622086920035,0.6127531926544023,0.4498425413547168,0.6183536360035018,0.7602338834347119,0.8273211001791232,0.6140031456118303,0.5435954666722296,0.7008579868634668,0.6249964295411894,0.6913207714643987,0.8512225023162384,0.6437866756054795,0.530325882310871,0.8400770215631235,0.6166263946504307,0.6169567705603929,0.260763693606173,0.4868591804246277,0.870394513398167,0.8675587559325648,0.6692496520708805,0.3734401938167803,0.041409721805090616,0.5470273062500273,0.7424020021129472,0.8430137210780224,0.8242251504640526,0.7462885564980696,0.8192505628241189,0.8824315247338069,0.9194697685303947,0.4861716559019955,0.725104714482105,0.6582307143107116,0.9231254221233106,0.9261113948930763,0.5657855676635297,0.6051172910731104,0.8402798037824726,0.8232396675210147,0.8789601742970985,0.6712996831661208,0.8472261898360485,0.802201980327138,0.7989506567830172,0.8033756596444551,0.8330835160998715,0.7977121382799087,0.7710718069495089
01568000,0.5874017639635973,0.6380875765510854,0.7180557808050825,0.6221440929606414,0.5047756070538831,0.603135988283247,0.7565419867304642,0.8270352595343078,0.6193174822048015,0.5489260202696413,0.7497001180750753,0.5707039607764615,0.6907808469554698,0.7849160620003408,0.5885091868372008,0.4868807817865627,0.7829266925669343,0.6057913130067977,0.6029351840494638,-0.45048175804974044,0.48250712577558996,0.8599182042921482,0.8547930864634948,0.6293845321415004,0.3266348639602987,-0.06308532685235879,0.6042582503236806,0.7085178641942269,0.8652873733591965,0.7937183583810623,0.6878791787585922,0.7962603665691927,0.7853433050153349,0.931259561284799,0.36497523210636107,0.692819109063552,0.488340828442255,0.9465613437343916,0.949235531803736,0.5599814168470718,0.535115673587234,0.8285079988353363,0.8218602777700097,0.8840635780452384,0.6665435388567971,0.8594258064287306,0.9501817488198854,0.8004287663012499,0.809756310536411,0.8362559779237692,0.8003360740258604,0.7780363631570699
01667500,-0.20697347621789497,-0.4345554820176998,-1.4303030860612695,-2.00822334954529,-1.9351893660148534,0.6579210878638444,0.7699987611239371,-2.110494684377854,0.1645359619204415,0.03565311642179936,0.7667539537919071,0.5792598916734397,0.6819805171483908,0.8791707157581693,0.7369219007372387,0.5707498693592572,0.8896518159082213,0.6286822369148054,0.7020522244861094,0.22644628971519387,0.6635754223242941,-0.7102432068379103,0.8740852450273991,0.6607143108090143,0.4444808642720999,0.005249976634378872,0.5680046355153496,0.7394394111033576,-0.23277271439821834,0.819478672636344,0.7404730851675966,0.8082585914652821,0.890831881418557,0.8726519814990888,0.20692630709310322,-28.767989016381435,-0.32622105654867006,0.18263968460203972,0.12035270208807058,0.34491148396068594,-0.09243401199507462,-0.09268669490106851,0.07372426743795857,0.1354945478776538,0.6266528255643272,-0.18350857304776835,-1066.65794237987,0.8651946188811966,0.852542460341366,0.7871119556820452,0.3446255702605501,0.3353269584834323
02014000,-105.28034082878483,-48.48467551456218,-258.1917719340522,-249.72207059443588,-215.14415856024223,0.6766196963899969,0.7431732298575676,-246.44379636115943,-27.73442818338815,-16.122733463396596,0.7987487364386338,0.3789957865974821,0.6459921456767139,0.8741692734030957,0.7876631403874916,0.6040272795379473,0.8845539952032375,0.5641838898216878,0.7701981925601286,0.023946581401500078,0.7241532388145234,-111.69549993540966,0.8898965338962189,0.6259556267557067,0.2969624707156806,0.20129214068870271,0.6447953636708388,0.7741732290026858,-81.47844718373885,0.8139103054268281,0.7570072645290936,0.7578501468620216,0.8977071902688722,-19.0479226907833,-15.543819955345242,-1827.4070601401631,-43.759413620335756,-74.87714385777191,-81.09405675061866,-1.5871897349303556,-22.466787768725627,-65.12553635330467,-57.48458436863299,-60.64800996452594,-8.56012666141982,-117.6352182271403,-64879.55585813203,-2.7738920599770998,-4.866265261703441,-15.175864960182501,-26.94024638040295,-31.62150890729057
02017500,0.6256659838945193,0.6244926374806152,0.7699309520997539,0.6454809186501183,0.6526065267170466,0.6330304147645898,0.7268136964224742,0.7409736733669484,0.6881245427472632,0.5606680763553356,0.8021763234413959,0.24588805051960738,0.5314561537264555,0.7903594773825415,0.6303591866229529,0.34923236715329453,0.7702226172122122,0.46928284254843666,0.6363954750393302,-3.1665362707862474,0.6317002238012108,0.8181432113767724,0.86578961509934,0.37684409665804897,-0.7849584306822737,-1.0253038339258822,0.33399289571255286,0.4612799946483672,0.8773444839568953,0.7102226479889678,0.5557394242014496,0.6025025556885989,0.7796497630121231,0.9471550935910482,0.319043600535463,0.7088992066967279,0.382987010647312,0.9562875332438547,0.9571517262048559,0.5751190559004242,0.213975494063239,0.7959368905481892,0.8275813511582248,0.8926867864298214,0.6773565564922817,0.8900529653639062,0.9567930861019699,0.8071209959516543,0.8430800449003647,0.8495199307455543,0.773968331752256,0.7928195892098957
02027000,0.6989374775395197,0.564521024683367,0.7951968102421991,0.613624734157038,0.6472244457940838,0.6208467698760893,0.6816472024615767,0.6665510908826993,0.6911507949798321,0.4980201058321969,0.8167556287131437,0.1386449497232859,0.4775653020105627,0.7887409185532441,0.6209558730163331,0.2387364733724191,0.7614092435299031,0.417792975214874,0.4662203851797293,-3.4837172815419546,0.6644243197717227,0.8007715889745656,0.8428429955112339,0.06951592815354402,0.36229531305736473,-1.5619990667244048,0.3215469341313981,0.3730336147745791,0.8668016271723624,0.6607338535705537,0.5226729190723751,0.4728673482910275,0.7583947189215725,0.9762722218246707,0.3373455690154801,0.6945284444829755,0.32953070905432935,0.9704730407299105,0.9683708713058687,0.5801111794308844,0.19428125816865438,0.758121138842487,0.8023938281814615,0.8711674158082595,0.4594799705235012,0.9206854790820062,0.9228096274629419,0.8321401245366964,0.8898503949768848,0.8834749291037655,0.7487458957699393,0.8174836635315341
02028500,0.7004365396083163,0.6199509642788199,0.7682482536109013,0.6259085914713102,0.5606572012681257,0.6109321414389107,0.7597897621173066,0.7902485253395247,0.6337247169483669,0.5615463197339035,0.7689566961688004,0.495609736490502,0.686617645362154,0.7889487883332081,0.6186236609880793,0.48810739006667214,0.780580534164804,0.6123062826570109,0.6492836792532557,-1.120009279560708,0.525666461721094,0.8206548645352965,0.8717079077236175,0.5967463037400085,0.22948428991312975,0.014402278610739727,0.5737866255446207,0.6762418338735128,0.8499611144866447,0.8003940917481602,0.6480517991092869,0.7703399441449196,0.8034269695895222,0.9721570694557076,0.36373968886418795,0.6849153218280942,0.29772166516712417,0.9700926082394709,0.9675875684567269,0.5845521046074343,0.43066562480334214,0.7723447533070389,0.8144602295215859,0.883408328846762,0.7338938410802407,0.9103914600165234,0.939966935848924,0.8253452483493787,0.8728679862786823,0.8710853273976656,0.7953230718887242,0.8198075704548768
02046000,-2.512691187589192,-1.37096624337248,-7.138046131052908,-7.983781595497074,-7.118683488311415,0.30207062741786495,0.35579055145217076,-8.123065655996218,-0.363833878110704,-0.25802441593511083,0.864406911951249,-1.3261166052605318,0.3161873637559238,0.783222725148355,0.8022441082131783,0.28531059840762374,0.8908216301080689,-0.22673425782431988,0.6745612075353096,-1.5506112521817563,0.753753664200047,-3.714479678327235,0.8874975853281378,0.3599517958013202,-0.39657503708927244,0.037258738689041726,0.7308875938361776,0.650504596361204,-2.298244106926947,0.6960781092477089,0.6508213180571938,0.11199740753704068,0.8982793820396145,0.5694620638404131,-0.21020772190079495,-81.37537876548764,-1.5659971784895959,-1.5121684469227659,-1.6844525795750607,0.0495661018671667,-0.7649410500075609,-1.6974598796290254,-1.2776591099744885,-1.371195284957627,0.23834183457805325,-2.888112342543811,-2889.3034848959906,0.8232114705621438,0.7299623608596923,0.4970187309687325,-0.30519567500540634,-0.2536647538806509
02096846,-2.596276073588718,-1.3929285521249408,-7.322467239736525,-8.185965748091062,-7.3091934911960355,0.678041328630093,0.7615576256957522,-8.346403355844847,-0.39261728754261904,-0.27792738093380853,0.7735015174818962,0.6092546528897012,0.6846554342589795,0.8875947790558747,0.7612537893416802,0.6152707481450601,0.8855297573335976,0.6387849061008375,0.7222452196791947,0.24401112124731295,0.6720125851779815,-3.7958200102801802,0.8845037172149276,0.6654542641216722,0.413390190328913,0.054018212998019344,0.5870449834020381,0.767703051041605,-2.377671356247156,0.8244190416275952,0.7526940358033446,0.8111301537555647,0.8993905922920056,0.5514366519232214,-0.20714307245102992,-83.51680545918842,-1.5993375695588434,-1.5850415671900158,-1.7632780485537283,0.0692292677911025,-0.7746369623081988,-1.7563150831220078,-1.3272506033362559,-1.4262960681025372,0.2568780972773207,-2.9889089283862673,-2968.016358946415,0.8210604365250864,0.7261199822868545,0.48648442163185557,-0.3286045671195523,-0.2740501624727498
02193340,0.7350947593059105,0.3434977448034492,0.6851189350068281,0.45644459486213196,0.3732514135062561,0.6025791115230507,0.7649439099462958,0.6123072451706522,0.4293586489085067,0.28653339661706356,0.7498934851046515,0.6127406709596315,0.6991753274655795,0.8133798378904155,0.6722174633136895,0.5618620615308589,0.7850128813059296,0.6409138112099315,0.6275816318502011,-0.06194530748760685,0.5255467893679524,0.794393626393641,0.8510930518845298,0.6507182257444195,0.3771718729590271,-0.0127065350593083,0.6119619547527875,0.727955008603963,0.8166988837363892,0.7972867249667577,0.715403820010994,0.8131531409117205,0.8115287169335383,0.9921572839039748,0.3645873862474057,0.4953211979871105,0.2379852646712488,0.9690019385572551,0.964675222987162,0.446455713230582,0.31386143400708755,0.7379366726378678,0.7223909386360574,0.8405143531814099,0.7421292729227461,0.9146363092858432,-3.9190458893462274,0.8784493483072936,0.9153336635731171,0.9159369418814498,0.6805234975604887,0.7911322529094666
02202600,0.6323110502663556,0.4213203351142403,0.7542188522755537,0.5557423661657039,0.570081037824244,0.5878735890159743,0.6035283319004667,0.4265851799991338,0.6661432437036703,-0.0025110129680876447,0.8134317575555949,0.1967224828052624,0.4817267712340023,0.8356657373633354,0.6821135718469384,0.17914538288484372,0.8648240782860666,0.3693367714995316,0.5236613108793655,-2.632580752839231,0.7073325923294391,0.7966476531867901,0.8995509126139662,0.43978498903116225,-0.2585680435449369,-0.027278122240749436,0.46587423777627557,0.5278966502472138,0.8405301144770427,0.8019857530918801,0.6278607730794898,0.6598530543390634,0.8961526347798298,0.9150693870994356,0.4481912227169922,0.8163920333366905,0.5171697015815055,0.8951573269152124,0.898495181754033,0.5632437167600515,0.24645835021162787,0.7986044198649823,0.8170521855762668,0.8760740091493018,-0.35678812496342616,0.9106143243182092,0.31384725901074906,0.7976061067594646,0.8530480861029316,0.8523929135102939,0.5922906989357688,0.6660568233077895
02221525,-2.1866345733300196,-1.236246670060961,-6.291644376058557,-7.12701199181234,-6.401901605735524,0.6723618486196106,0.7647701014112134,-7.288522448814325,-0.29262448956642384,-0.22151437506165483,0.7634893206201485,0.594594630994591,0.6853512085600268,0.8865604183399428,0.7534766257448451,0.6049744833442772,0.890905429206822,0.630562842299988,0.7093298588332386,0.23069864757367453,0.6728612501498235,-3.291240130801966,0.8800570560110452,0.6628293305792664,0.4421976026948099,0.010595604083604049,0.5806605357964546,0.7505892657091562,-2.0225998114308528,0.8238453797474287,0.7496430755974857,0.8101735068697982,0.8972421637360357,0.6031638511320374,-0.14042797883225955,-74.56973205728295,-1.4002318224757149,-1.29228765424341,-1.4523915280984472,0.14199808065728037,-0.6538598563162847,-1.4751289406493022,-1.0891478942337605,-1.1682053353655473,0.3455281738731565,-2.5057443992894886,-2664.4716720922875,0.8294080525885646,0.7464233822547238,0.5373876632496117,-0.21928811576322293,-0.16298711997918924
02349900,-22.038955947461222,-9.842387065423566,-55.16583107968732,-55.27783850427723,-47.96231601104932,0.6620011249076512,0.7500574831926036,-55.0728370211794,-5.2357602561449825,-3.145966423550994,0.799749363112092,0.5467597862567755,0.6503307865016171,0.8805813768208768,0.7852446857280797,0.5872789166447219,0.8657879646802624,0.6147469749190061,0.7626768280245615,0.07293480765215132,0.6844261902466268,-25.419124138435045,0.8937544303333234,0.6345106408353864,0.2758414013725412,0.18723310833088513,0.621330199903082,0.7858570926943591,-17.834289571997125,0.8215026654669214,0.7548816367899485,0.795992344175231,0.8921635964862714,-2.7979208530412105,-3.2983695139326077,-443.25878005378047,-10.011672191817055,-15.404663520463693,-16.732658345555006,-0.3310660053765848,-5.129330735806648,-14.017817814774142,-12.155849206621443,-12.642901445076742,-0.9905222726821972,-24.981760142150957,-15732.767982054964,0.3294193592318104,-0.20996121296000303,-2.1683606065803582,-5.157734921909912,-5.957893504368833
02371500,-1937.994777982707,-924.7142237293508,-4688.3783248392265,-4438.376285883442,-3799.5932441894306,0.3991885268708416,0.5639973669342844,-4340.553194719315,-547.7914410800021,-318.7928225846441,0.8719211838631299,-0.05090161785560254,0.45900712942966115,0.7981738963350181,0.7918829656650173,0.23880814442683795,0.8760183818935797,0.05644655941663135,0.6745637013134866,-2.1830873396408617,0.6547543467723649,-1936.6185225101108,0.8946272480488688,0.4316113321385143,-0.44745804837042424,0.3538047298533179,0.5810568044368913,0.6502117747801013,-1456.4495194015306,0.757911006767638,0.6896591955445502,0.5487646775781968,0.8934080267370132,-425.0425691151458,-276.67733129783136,-30334.14635473791,-758.8788623878268,-1395.5599973798326,-1507.5682230485093,-44.96927651887193,-409.8738626834953,-1175.6590789497886,-1053.2695241996566,-1115.3698010277337,-206.57002638931857,-2138.9606053148673,-1075765.6706176356,-105.57385176078145,-124.33538013131967,-334.41745403947436,-523.229856282818,-623.8342026054708
02430085,0.6541661298452215,0.2347030211920591,0.6412756069426018,0.27696600132564964,0.3045228820417465,0.6483547503379845,0.7612576465136562,0.4484403898528797,0.2989785294250522,0.1628716009611597,0.8033232379374826,0.3589510190093147,0.6823883311781757,0.8069955960846115,0.719084402862005,0.35108237410302323,0.7861616710876831,0.6054705078698807,0.7144027826628708,-2.0398286522087314,0.602132923147557,0.7478517727087735,0.8841120274856933,0.5243564244870886,-0.37089805589768643,0.18560172661281438,0.5062075226733632,0.5852001592181774,0.78947291876953,0.8005254652957332,0.586680368561431,0.7266524435001231,0.8345003717699115,0.9921348460767667,0.4379564938757744,-0.8057974897160165,0.20070921886980042,0.9542469495129867,0.9483861630761746,0.2545534780228915,0.217538431832211,0.7284484868169059,0.7051974026137632,0.8207674538584051,0.6971397281255263,0.893490257464523,-41.06332808413583,0.8767668597184912,0.9138927531965935,0.9151398402098518,0.5598765455163848,0.7754551069777385
03241500,-10.004436201891426,-4.45122053049518,-25.633844675069238,-26.458697019635988,-23.133094937575233,0.6605840228604918,0.7461288339263283,-26.56176877065029,-2.1839055058905985,-1.3753432503227132,0.8262657767382775,0.43460469431587245,0.6577944552844435,0.8675915874132634,0.7783677176751783,0.5556910097879013,0.8729017656282231,0.5578813549073309,0.7781262060876343,-0.43209811651539454,0.7055517325374759,-12.321580196392647,0.9029724618946635,0.6384453495051117,-0.3758291202443913,0.20927411374720162,0.6640184565128348,0.7854758352458977,-8.421514613579578,0.8234553752848953,0.7210877889174439,0.7764927073085439,0.9010260063675511,-0.6736894740637827,-1.4299693870367296,-227.92641845035064,-4.85831120267271,-6.89397433814615,-7.506529999293242,-0.17581731542676038,-2.581947365676007,-6.525290089492707,-5.519032244781775,-5.7162642106472275,-0.14658544428788955,-11.44671325616337,-8091.164278651614,0.6532756322536646,0.37843056883659876,-0.4774405606509291,-2.1565454617042588,-2.4018669992004433
03384450,0.7057358667345696,0.6166011845508153,0.7692593883249861,0.6266860254884354,0.49316602814659416,0.6430034129821101,0.7625987984204738,0.8021926195356279,0.6322850791784949,0.555052206977233,0.7322793310306395,0.6247962780495875,0.6892129271675088,0.869975209885784,0.6725406369810984,0.5399625031454677,0.8734521231734749,0.6414786972150948,0.6622744267084093,0.28495747324485665,0.573921333302573,0.8634103970712905,0.8690238673472465,0.6687798800779401,0.394948669966785,-0.01353600468987537,0.5447216747081477,0.7425561458854304,0.8604452246551446,0.8252221231914321,0.746924659223031,0.8149275065129026,0.8884331507307256,0.9667488831588764,0.47379086912678414,0.7009622782344735,0.5099910376815506,0.9522289867153002,0.9538163439379959,0.5959296130889236,0.550185798147911,0.8106750859247822,0.8240430969989289,0.8888834566266323,0.7420549113219946,0.9149536289965925,-0.0025355626910625872,0.835612351508047,0.8818050991230986,0.8793181101198242,0.7976941541251974,0.8250801215284299
03473000,0.6108321437039577,0.13765964832604383,0.6887641942942209,0.3832152796848679,0.40751619197770483,0.054588343393315086,0.2098569132150222,0.43867966932034963,0.5110459376381118,0.12388498707924778,0.8406272620538726,-2.342903272564543,0.0631687597370525,0.6886014647721794,0.7501397626379103,0.020258133698219716,0.8174850537255156,-1.368230916076691,0.6402699813910195,-0.686766419333849,0.7270824352629706,0.7542992897953134,0.8618655650033852,0.23133464236770662,-0.6920905111524067,0.2386921784554854,0.7185506854431629,0.6142778802208388,0.8754613730665718,0.5906071969470871,0.543406127684521,-0.2991904854938956,0.8557487770304998,0.9923488458733418,0.49848959029897655,-0.21829989876875255,0.4421396905614112,0.9621579002458175,0.9554202101408071,-0.0657311461199579,0.12442657674511559,0.7272080906023777,0.7567675808388856,0.8160447939362452,0.6580263367974595,0.899589558534568,-21.893027036825227,0.8806089179736685,0.9092734967197589,0.910488757049889,0.5711440469757219,0.7171374224744538
04015330,0.48099972078679387,0.6053872222693377,0.6288171415050984,0.5727008767189388,0.4893882499582016,0.6043560923918414,0.757431795924823,0.8198721197128973,0.5825208911138142,0.5154117249540012,0.720152958330404,0.5890621272009757,0.6901006831995724,0.8221061969891128,0.6155147604648793,0.518620954209325,0.8068033525806912,0.5991082307585158,0.6010515669592564,0.0908568408061361,0.4526176438368833,0.8661836219109269,0.8702187831437957,0.6650344347020282,0.33964098733168135,0.06173930292021257,0.6139115234196855,0.7448720401380979,0.8366073922350092,0.8197730223191503,0.7313729956807571,0.8136931295520937,0.8661181152744977,0.8858271256305879,0.46821052187718615,0.7419417623851854,0.6760456772142796,0.9075607940454531,0.9104848872935629,0.5432112000993364,0.6160587307128582,0.8370601636992994,0.8084038290093905,0.8637700596300988,0.6240672854343148,0.8060392939391724,0.833487893943751,0.7884165386540698,0.778612574849777,0.8205307966425964,0.7736870027410734,0.726107232024087
04196800,-7.653778219684282,-3.4354095654205246,-19.856778416399038,-20.754266015984815,-18.199997640375766,0.6484205217638684,0.640485536843078,-20.887915723083587,-1.6038476149638439,-1.0252238111247012,0.801880983895155,-0.10071527097795396,0.5554469436617623,0.8433890365340804,0.7961276618428375,0.5154240232880378,0.8656419779701474,0.49670284883013727,0.7343151912866451,-0.30967176710833066,0.7297708154099569,-9.69306711151991,0.9021364002491784,0.4815801008118157,-0.25696423541586455,0.2661578436141496,0.6837577889728712,0.7617145568304157,-6.547119539430079,0.7805046824050299,0.7490184366968976,0.5600387830819346,0.9007843627804963,-0.26822665402708434,-1.053049386708906,-183.80727070373413,-3.8478165949257157,-5.223821741799109,-5.694960745249585,-0.1320339956640546,-2.0570210522245436,-5.050573934502865,-4.209510738449937,-4.371836315141299,-0.04487127942108082,-8.792271445534494,-6525.998298395854,0.7093747859592794,0.48789650170719,-0.16214656066144184,-1.5861844093564215,-1.7199620484394473
04197170,0.7119424724490904,0.2627304881354603,0.6684148385861775,0.37570060170048714,0.3749623122105339,0.6417547274239545,0.7759701250743206,0.5219967123306917,0.35050674316891917,0.23469126922567707,0.7688974860696567,0.5769312303572267,0.6821224429325752,0.8579205187118945,0.7212738634184646,0.5860657508709515,0.8350649950485665,0.6464398596071257,0.7073208562947567,0.19459852383360177,0.5825867082260445,0.7783099966437459,0.886097853786515,0.660906136291191,0.3625655297128748,0.14767712657370047,0.6262455492487671,0.7627834578584225,0.8107540295754647,0.8226097252017346,0.7502066492798815,0.8072379271003265,0.8854656528486643,0.9924143336216364,0.37575464196645914,0.02103865222831036,0.22260151472401624,0.9648504506682226,0.9600998457494451,0.3759438330968804,0.2908930436290642,0.7310208473654908,0.7077351644254033,0.8353750347586427,0.730517628810547,0.9072250132497548,-16.448597931259144,0.8801815854866868,0.9135041271853855,0.9166568941729989,0.6374746339859905,0.781530241780006
04233000,-9.620204746345877,-4.282227705852077,-24.679892789852516,-25.51908787797486,-22.32733794204389,0.6778061572855133,0.7589649535755889,-25.636896854315378,-2.088923108870518,-1.3186413264231063,0.7718208311149597,0.5992930804808547,0.6861902226927146,0.8902126337169811,0.7664695978903321,0.6172686698555432,0.8888017100755377,0.6321270312005589,0.7289534523425987,0.23247980340924834,0.6788430129326448,-11.894070907423744,0.8842199649982889,0.6637052993900413,0.42026250589997294,0.049612704543894104,0.5848537241517601,0.763576289530216,-8.116795789307156,0.8251186902376554,0.753696621109929,0.8105375771105083,0.9002521876864956,-0.6131775316621539,-1.3693705760134138,-220.79249010772543,-4.693357460520341,-6.627035681731977,-7.218139198467252,-0.16109835203653988,-2.496210714306936,-6.282841253248332,-5.3047153757302175,-5.495155435020186,-0.12388795290358656,-11.010767926960023,-7841.968156778192,0.6623671446954784,0.3961587074975411,-0.42552049308327855,-2.0624990450794103,-2.290550717213748
05399500,-144.40427190611987,-66.86997967507796,-353.17197043353514,-340.3028655487598,-292.7897194753424,0.6666885464874784,0.7505952595407173,-335.16412048093935,-38.49980721892281,-22.34874431989319,0.7783050006759928,0.5629375081757311,0.6728669245046408,0.8903944630481573,0.7854712635685493,0.6041599426262478,0.8917993195422966,0.6056446301821639,0.7453927567366775,0.1459199425688359,0.6913720650170601,-151.44027569792078,0.8869693236187478,0.6555721881493877,0.38082920009819476,0.10846225087599715,0.5999989019828976,0.7672482222524154,-111.1563553840317,0.82327696340224,0.7518809732414182,0.8032123632356983,0.8988911120525278,-27.02430505822947,-21.107894760536187,-2459.8496748953153,-59.36339622600688,-102.96918094523576,-111.45960477307646,-2.3078438117710753,-30.696368375721498,-89.0141445716878,-78.78749080212526,-83.1442697279568,-12.35843370488055,-161.01299995836104,-87301.15076043319,-4.491792803896761,-7.182823148754579,-21.555801017753804,-37.27421456453799,-43.93101578783715
05488200,0.7337466507115186,0.44774429325377574,0.7103581741610359,0.5097015630955704,0.43194010646917436,0.6174830269907121,0.7658663049821921,0.6789045021459537,0.5183795262249662,0.3958829462236525,0.7837439928684644,0.5148575394415567,0.6904947369614475,0.8110700495654848,0.6697504980283695,0.5304040283165934,0.7910529043675588,0.6290398240707731,0.651546131452609,-0.6030886073976263,0.5221879116203749,0.793672368220365,0.880750479999545,0.6254753290672097,0.2725847783582511,0.09406648605533097,0.6260185895749968,0.7269245824630419,0.8214212184463625,0.813302415038753,0.7061615747401049,0.7942105934401819,0.8511773226483705,0.9903156161438489,0.38072857361972245,0.6413605234172679,0.24622605706364376,0.9712828063260143,0.9669116094703327,0.513644683082094,0.3312794224806793,0.738284133188067,0.7388848945225108,0.8402450598776503,0.7552186946840144,0.9202944904312759,-0.4787171865274873,0.8708790530285891,0.9135123422609451,0.9109706699695034,0.7219944695671154,0.806065327856363
05501000,0.7373707168489387,0.4259865125232175,0.7066053324694259,0.5017518929088545,0.42549088965290593,0.6283571095750609,0.7672629817642922,0.6722583493411645,0.5021366780041348,0.37541172924962174,0.7662084105100669,0.594818981434099,0.6887275838733902,0.8528777825827591,0.6937684126472341,0.5561332219172559,0.8365272826839198,0.640310455072657,0.6671453917177133,0.21962374874834079,0.5387310475597538,0.800878498369477,0.8774201837723599,0.6658708360913452,0.3639523729472093,0.0827478158426671,0.5578914261628616,0.7538643421075338,0.8261439872754943,0.8230885408033333,0.7448282898897955,0.8136375994355832,0.8823267430976954,0.9902509755443949,0.3858011987727452,0.6170952360391042,0.2506811855056338,0.9714556041954742,0.9678627837060366,0.5158609337311459,0.3605729156422002,0.7393539362979799,0.7375414342002479,0.8421779667613518,0.7594024854700192,0.9185174876246053,-1.4188459929011827,0.8738177621859337,0.9146424462053133,0.9129283258096991,0.7143698653592655,0.8036781930178172
06278300,0.719009290101288,0.479921276432447,0.7862852461419121,0.6273546548566558,0.6095168149704957,0.6238936210488025,0.5999142366885704,0.6694210621655915,0.603034564286767,0.49906180760104424,0.8111161886388736,-0.2359836930056478,0.549339456538865,0.8388545372114435,0.7366321797768922,0.47781664813088565,0.875962124416229,0.4107586429777794,0.7242438655644543,-0.40167554267002004,0.7348426689198817,0.8528642404435363,0.8999841980683148,0.504473955221505,0.175346645344011,0.13107957187596142,0.7104056379948552,0.757269853389786,0.8462679572046107,0.7749614535477636,0.7334944820389342,0.536248548031923,0.9008751979412796,0.9752975450947097,0.5349849007759944,0.7295163054464384,0.5785359397461858,0.9585060745579306,0.9576638548049294,0.5290205589851223,0.3860759239999427,0.776367306881933,0.8107868166783675,0.8669631926313462,0.7747710243064682,0.9250662821816646,-1.7110120764014582,0.8631762749237359,0.905289809864772,0.9118532524823575,0.7329726452641394,0.8150160868712917
06892000,0.5132644171550793,0.07007539091749493,0.4127973809169556,0.03997685571773535,0.018081176921772135,0.6628007050821705,0.7642383016879348,0.10463544787770118,0.2713062411931816,0.045928845976857646,0.7605767511799356,0.6137059752947185,0.6846555467168742,0.8765248736485253,0.7438058681547297,0.6094320586170741,0.8608335182122576,0.6524248304556484,0.7070466218729887,0.2510728261717394,0.6248318650538658,0.5492688839759837,0.8839431597787248,0.6581367969656573,0.36618682286391446,0.10576971201319252,0.5915307584570979,0.7722905984554247,0.6321698265198887,0.8232985638945745,0.7572499026796189,0.8163153227786376,0.8936714696767385,0.9855420756073652,0.42489854096466895,-5.581658559935068,0.20172597995509123,0.864193820598564,0.8500635407830668,0.20052962725456713,0.11880098951185536,0.6149084129889577,0.623213811533966,0.7263178921991,0.7049057173633825,0.7633917511994384,-204.22755777935978,0.8691493001697714,0.9050751415464808,0.8992773496816968,0.4871783269271488,0.7189893744717304
07145700,0.48312978840219745,-0.003308797910857697,0.30010025831578835,-0.09701462100357716,-0.10828397943684553,0.652253979122648,0.763959797195271,-0.040426107399160305,0.2511197363887441,0.020929041888662514,0.769713696392056,0.6055704458784985,0.6965662441958445,0.839867145185619,0.7233898579523994,0.5992350513092137,0.7973037052130396,0.6503168626998488,0.698477379672144,-0.03957293741367551,0.6060981936532794,0.45327070427844085,0.8670547353697527,0.651608409881612,0.391050629733415,0.12719859563689018,0.6166770047911482,0.7576277909118285,0.5620755254561968,0.8087241845547497,0.7170597354948951,0.8119957752338155,0.8269584125472496,0.9824419708781743,0.40793341917380954,-7.519157207437022,0.17633984161246652,0.8213089763663581,0.8054359430386671,0.13371192338788596,0.07644467643774522,0.5523325170979168,0.5799355330286968,0.6812932875115805,0.6949700356645081,0.7000781655886983,-269.9204008032086,0.8672814433970509,0.9005449178759072,0.8914740569673516,0.4733579784381575,0.6879580229994322
07184000,0.7249639142289477,0.5774606211627782,0.7646707676211588,0.5958501362951798,0.48861363187965023,0.5948370491106165,0.7563490572506224,0.7474137211802353,0.606239789024186,0.5198550566580156,0.7355483522171932,0.6272861272755483,0.6965582564007183,0.7914880241732957,0.6176875194132643,0.5029709698868243,0.78639867189031,0.626538685261807,0.5948787312776305,0.029247510212441208,0.5070801706192167,0.8000544557563032,0.8363206713520466,0.6537462585438805,0.35037857471448564,-0.07962572819223901,0.5981017852300368,0.7046560250161464,0.8338908678130974,0.7911822750234125,0.7095035291393638,0.8118316935804104,0.7792170323992855,0.9815692404681283,0.3792691681940782,0.6915406752049722,0.26654274993242943,0.9724661182932096,0.9691627964074981,0.5750885631213605,0.38616249276381776,0.7550396853266754,0.7894459765645718,0.8617663891484698,0.7485597096848422,0.9208169019553603,0.8609177114851239,0.8424626929735668,0.8943978594175213,0.8850102675142774,0.7771852038014582,0.824665186440853
08070200,-19.446489322429773,-8.667652640341963,-48.80389777086643,-49.103311350498196,-42.65103306794316,0.6696644962805698,0.7487082717086826,-48.97141038019773,-4.566358745151956,-2.759437257825102,0.7946637675405084,0.573562335170031,0.6658486077734251,0.8852557872757054,0.7823544451619524,0.6043854666656643,0.8781273410439067,0.6256883089992542,0.7571930425362967,0.1555266698051342,0.6832731152340599,-22.623922329157875,0.8921946750138509,0.6541396546846775,0.3130157153957348,0.1831071279646671,0.6017833461708717,0.7839448318416968,-15.81895251850326,0.8250842832235863,0.7523838479705904,0.8011308353023467,0.8965948381269325,-2.3330321959617475,-2.8959649499927225,-397.7368727169193,-8.918567210063088,-13.569267808061989,-14.74200196950258,-0.29860466005690345,-4.590100869370105,-12.40942943529844,-10.733819124249973,-11.141548509890763,-0.7902109827403627,-22.07127109134651,-14120.642089515199,0.40292985229886624,-0.07938202421654283,-1.793431300875676,-4.499285282553835,-5.184519316626281
08271000,0.5424168661650721,-0.13322711828910516,0.6613398392146959,0.31398383659112616,0.22564214590647402,-0.24623786724652197,0.046428375308895764,0.24164682669205717,0.4670261912583833,-0.2774843517451411,0.44463596790991755,-1.2648624330354057,0.3521322938086078,0.6427352382150284,0.8283750647271058,0.1092449753855651,0.5376510105940595,-0.5990937027361802,0.39905512751182004,-1.1654322312258478,0.6510051848199065,0.6786589182584005,0.7347361592848164,-7.548383008698696,-0.8760934745526354,-676.4812526585469,0.6211946034503051,0.3024262782246325,0.8909749283544189,0.6077621100934003,0.5766623001831295,-0.2566847054323922,0.837739664604007,0.992438951484607,-0.7430904762440071,0.3114521677626486,0.34512065591423646,0.9677701006254772,0.9623808609482899,0.2800199424469326,0.09383515899545258,0.7269393318389403,0.7614458031958521,0.7458242267702921,-8.105035179938701,0.8947327698640246,-6.967992088805867,0.8664200327640009,0.8852652861954334,0.9082248388272254,0.5571773671048426,0.3979489292194115
09505350,0.6604830568344887,0.6433152413350736,0.7563154133010102,0.6317457851913117,0.49116571707153867,0.6182000315575711,0.760578621587988,0.8168331556719681,0.6310785960353325,0.5566419915085796,0.7403152642439685,0.621052243181923,0.6917342356554156,0.8448029295800082,0.6396928809280553,0.5301148007302783,0.829102882127906,0.6265028730387407,0.6358541674530576,0.24778783825172956,0.5221817855286189,0.8602740382325713,0.8672704608915861,0.669453953613244,0.36763982070602463,0.042800201338944466,0.5506197009043814,0.7437000414597015,0.8616818104233565,0.8222548712668881,0.7427643918679678,0.8197710374459332,0.8783601378769326,0.956244795384375,0.43772456016558003,0.6925763922348358,0.48631407758400824,0.9533544349451297,0.9548426246010805,0.58533234322985,0.5385639344359849,0.8130801978831406,0.8273685631886273,0.8917372346103235,0.7170291518378497,0.8935213400968701,0.8619933454975408,0.8140895648575073,0.8462335396851371,0.8556310138376151,0.805072783995719,0.8090902709295007
09510200,0.4077887751663424,0.589155744594152,0.565765222492199,0.5223641069217084,0.3080292822920717,0.6176487890668994,0.7612463699162071,0.8033645360641652,0.5551922725276599,0.4872656146972312,0.6601838398546187,0.6293423788726735,0.6911815606346182,0.861616025746869,0.6551985548993096,0.5340629255564509,0.8579636813146294,0.6149232216483809,0.607723406840027,0.2798887189446473,0.4690229759771404,0.8308369802874559,0.8663090932661566,0.6670556220525266,0.3887256650309525,-0.020970402072023386,0.5423023783592105,0.737517398481484,0.7794986383900572,0.8256935195952968,0.7504358624210502,0.8180703176949139,0.8864117116615792,0.8598803377884616,0.5090871676171578,0.7475361309147608,0.7037048370750267,0.8257728859401092,0.7853751514495334,0.5571567337084014,0.5621661289006175,0.7611269812430661,0.794270909574496,0.8173238066368471,0.6184815354856595,0.7838133415527067,0.5306234301916317,0.7878685557818017,0.7734197922488895,0.8178886238842091,0.7539896213915009,0.6991829308604678
11148900,0.3594093376262538,0.5813799558206579,0.5393886503088073,0.49752231994377905,0.2628704093119777,0.5956838651245374,0.7571722524297594,0.7951775262738334,0.5381401438803517,0.46707587775172743,0.6474686933660401,0.6428681286720888,0.6959025693503704,0.8414894937247182,0.6266094491931146,0.5200122284985751,0.8287612736809661,0.6048687012226635,0.5726675901225879,0.2814787709012826,0.4312801523756382,0.8255006706320024,0.856877577973765,0.6670895394463501,0.3731847303382536,-0.04699892729019184,0.5319535987222801,0.7307592294049688,0.7698746980569086,0.8212416051997431,0.7446141236193429,0.8220461592455457,0.8767866582068271,0.8393978550347154,0.49923996993456876,0.7447996868249944,0.7045281544554172,0.8129821307395991,0.7717772175587148,0.5413110804161301,0.5579841889590675,0.7497919701364081,0.7802350126427574,0.8018266518089502,0.5845931009911446,0.7775844660366267,0.5252174109741181,0.7848192675038184,0.7655776674323382,0.815025218369924,0.7462182737815795,0.676880485861437
11264500,0.617036370484114,0.01014425339272984,0.5913991230961659,0.3173866954145802,0.2592135393108601,0.017259026922813447,0.27789680207967904,0.34525723547477083,0.49445162067349635,-0.08681725358069481,0.6325068295310118,-1.1162317484516442,0.38157089313075143,0.6650106743850713,0.8083970434903807,0.1024006356620395,0.7510570266221441,-8905.233720743905,0.40974385713626904,-0.4275443918494988,0.6197068278053812,0.6869008367727127,0.7919681830259004,-0.946402352477391,-1.1452224770139883,-8.583347891750527,0.43122913890663495,0.62389393163038,0.8363115842207376,0.5591457228399856,0.49712102650136436,-0.3239932615104377,0.8343699990104969,0.9901024184077888,-0.46364435389719105,0.6772692573827817,0.37049103685352724,0.9709188907001871,0.9648013380430727,0.478789895719706,-0.09748064973688342,0.7310558275576273,0.7521537192601189,0.74665293966104,0.7667824480399823,0.8965244627991212,0.0787749723933503,0.8653131108562381,0.8956044834833037,0.9026144102945222,0.578193427558046,0.8166959680040364
11266500,0.610141604457799,0.17228098128994596,0.6714887728193691,0.3978962363230377,0.46396155536087025,0.1199295678917015,0.29897598947648296,0.4610384096994421,0.5158870674394513,0.01581434686752703,0.7049319515199591,-1.2935774339942294,0.19199342540447928,0.7342908337206264,0.7568523103375231,0.07563389589841163,0.8279014380522851,-1.1361287798348232,0.5434331823268975,-0.48561997793787337,0.6680779512302248,0.7509859454767687,0.7861044977130675,-0.6798248560297606,-1.0375381009616826,-11.583108757718998,0.6875360032320934,0.5435847687160411,0.8547001562839591,0.5741827279799239,0.5598981522730315,-0.8315526670310762,0.8243608948644302,0.9913256221868119,0.3105858728472888,0.6421859238824453,0.5051478217553835,0.9697650812038661,0.9626057324662936,0.31898968019932006,0.05695223455183673,0.7351755621281156,0.7630497383515737,0.7839054433580407,0.703954572572508,0.9104134694492835,-0.7733963833780382,0.8690277139573495,0.9001606068779717,0.9094366953057376,0.5974030009424054,0.8019688616120697
11381500,0.6225644380840668,0.09742520178088121,0.7985213616353947,0.5450137855676895,0.6275870259115377,0.4976966936482736,0.5712691340090201,0.34175943329946645,0.626201016352411,-0.1007305997919612,0.8523591640511019,-0.01478576295550571,0.4703530168873423,0.8288031792328625,0.6825047903289434,0.23320127519481482,0.876408432209549,0.3438437112486312,0.5266592312488074,-2.996571799409991,0.7060943020138901,0.7647189346340849,0.8886613516641473,0.3397963733035835,0.03277850478187361,-0.11226001935255181,0.5755177606928497,0.4822817909235987,0.866198345152756,0.7437447239331848,0.6617950431426609,0.47994072036685054,0.8757277941725814,0.9787636421651661,0.34272562358083236,0.6977000532870091,0.4711568017068911,0.9600299130194155,0.9599269320592575,0.5659658093899438,0.13613486235123784,0.7544038752023868,0.7992043796631467,0.8580082646394727,-0.9142171934495218,0.9205858615875948,-3.1157183000275444,0.8641553061762066,0.8791743283794572,0.9172041792626426,0.5882201963203342,0.49310063683165173
11451100,0.6790709069010523,0.5739069340206273,0.6631325311466033,0.5634493867815734,0.3957849186264075,0.6532856606983806,0.5997633540702105,0.6952984298787891,0.6745749540483639,0.46433365308458696,0.8146591848460849,-0.39068534413454525,0.4105674162474431,0.830123037080722,0.711472180788304,0.5026777366515764,0.8141757735607764,0.49779151004938027,0.681300952035101,-1.540843099404964,0.6816472999550633,-60.04723720684165,0.8894919968710724,0.256795959283335,-0.2739357660977828,0.03704890124032423,0.6282133671406673,0.6784207194840803,0.8502901599317623,0.760122045232989,0.6788220307881545,0.427306204568379,0.8885679760211825,0.8660531438523555,0.45150989511323314,0.7901113710873362,0.6013762451998133,0.9031210877063933,0.8883324041719568,0.5555529504886817,0.240803079346397,0.8081297929465555,0.8073324973286204,0.8666774418285009,0.6545124765173447,0.8644493761999323,0.6876129975353529,0.7935339084527746,0.8039712973733084,0.8421216153828215,0.7691744735533795,0.742997805507529
11476600,0.6722056657206853,0.630003171307428,0.7702321656958278,0.6542582856816022,0.596485483452426,0.6737439984817458,0.6982466864858851,0.7698077838045704,0.6316545120697346,0.5710397797636302,0.7584201344690379,0.1541414662167474,0.59794223222263,0.8460131015096695,0.7046970658407459,0.5439377984725454,0.8478177952785253,0.5567730343807582,0.7226064085902086,-0.16908887407281403,0.6844122345255399,0.8677890790363254,0.8979211370277065,0.5267795409997331,-0.1444246416388193,0.2528359225460396,0.6596540457778022,0.76095708111018,0.8487916600267097,0.7900502104115005,0.7614914290150269,0.6587289113674248,0.8943668267823123,0.9490755827558582,0.5280643524607612,0.7490384716551846,0.6362868572180744,0.9427688863769712,0.9456333191585233,0.5599634441713055,0.44511558235452053,0.8111753543161974,0.8256046229446264,0.8920740271724708,0.7346131534445,0.894224855107551,0.6641417612330627,0.8155359965068834,0.8511712620076781,0.8668613714367561,0.7944085286891862,0.8166146020810969
11481200,0.6520688628414362,0.6301190071378454,0.7612730358390465,0.6546793068251304,0.6045351194316728,0.6516970289896702,0.7600365277901224,0.8126943922260431,0.6874026104631323,0.6091283380505754,0.7700471965256447,0.47665789604209075,0.670006388490088,0.8680816973728225,0.6969690325359902,0.5454104318235827,0.8772550108728742,0.5666607053574451,0.6867510648768457,-0.11474192935523586,0.6333509289520196,0.8664700066714873,0.8849551054171337,0.6584886096699385,0.20937426145929916,0.11675540800909245,0.6373214725653441,0.7577491131321089,0.8366519758736223,0.8207473248177829,0.7191668184404828,0.791013930756024,0.8893866039356053,0.9367767763028637,0.5178205440271408,0.7393607670087656,0.6817867999582861,0.9124275376312397,0.9124859154992153,0.5817045859623213,0.6176634305283288,0.8392964771123559,0.8304255994340433,0.8848870330062907,0.7068830853511698,0.9080189935734051,-12.661126047394859,0.8438596079014024,0.8689240327227556,0.8816417070669061,0.8013106234765834,0.8029782187210208
11482500,0.5847630738473266,0.36053119367993036,0.7691014950117087,0.5006236882263249,0.5329328363493929,0.3579017298694791,0.28801908364521145,0.46491353752793185,0.5595709161946789,0.28104254920950744,0.748246082355609,-2.111899136828691,0.14883327605001517,0.7215927288817905,0.6840483201296916,0.0072004275283341634,0.8570465371110687,-0.3339541521459697,0.6422343989693061,-1.0422778523703924,0.7274767739668021,0.7514287771117092,0.8752308945505913,0.06683134581898964,-0.17060897079204196,-0.06343367429164037,0.7029245960185682,0.5878310576453293,0.8124599820074511,0.5848265698673469,0.45401185550568457,-0.5144375248830222,0.8470567171135265,0.95709753178621,0.4728244172426652,0.6212293149152059,0.5823709128250976,0.9624503331596003,0.9461002669591533,0.14380711074831576,-0.20438133372008727,0.4865781329422928,0.720024510393793,0.7452174288305258,0.7370456073449768,0.9013708384023807,0.9146321447807395,0.8307626803158079,0.8699039565971829,0.891256226081429,0.6690335011624229,0.7274040868608391
11522500,0.2003042173100218,-0.45287180751967404,0.7338832144631189,0.35581095867066337,0.3752532093238523,-0.06688758453816956,0.2176000298169467,0.4509503123182069,0.5822715500114821,-0.040687345169727385,0.8315635292110665,-1.263860976561642,0.3568335714989217,0.6921876808866831,0.8108237245691516,-0.03933729701954536,0.6360108254875159,-0.9071266769402397,0.6493918908574423,-0.4803483498480048,0.7214001586202958,0.7838911485590414,0.8564761234402894,0.42878377857115313,-0.5446109067192952,0.1826199992110995,0.6722476862721591,0.6879600619860443,0.8715298677907443,0.6664089804213651,0.6412568995049914,0.3106704737311452,0.8704343037358768,0.9851559438139659,0.5758204661061008,0.6841790028087276,0.5946749030736997,0.9691017243124816,0.9599781629439647,-0.7419406452810964,0.06461060339325708,0.48085403427684326,0.7283253950344022,0.683780829574019,-1.268926323545624,0.9032466123510241,0.34483558074619647,0.8753991425458799,0.8715427834888001,0.895613014239042,0.5474710282549309,0.7035347030011312
12025700,0.7195685657168849,0.6082328845009936,0.7284616722328131,0.6115686976444615,0.48671102450081927,0.6552235213145149,0.5990840690896654,0.6776942983331238,0.6891418744581175,0.4410237931721742,0.8322064717304594,-0.9358079034443754,0.2654888725725778,0.7974229436574676,0.7156186586476376,0.4961186857105282,0.8129761061715213,0.4674401050129112,0.6906423875159919,-1.8656054177757988,0.6907597040586412,-42.16234392122888,0.8657879755137207,-0.20492226472423836,-0.2202932688483008,-0.3390674135955982,0.6622778887789915,0.46689623677159087,0.8850463257902905,0.6927665823160105,0.6021632070625356,0.0662423969188316,0.8638582977426356,0.951021440567826,0.3145081750025738,0.7703169374023391,0.5812422032995264,0.9548326766632413,0.948380433031026,0.582928668394073,0.1461258247673558,0.8039015714421256,0.8005321804322658,0.8772055460861375,0.7086338398662381,0.8918433976257585,0.9491219032761169,0.8089807330817145,0.8454457111940576,0.8585778270968596,0.7728130974676992,0.8176624031636548
13161500,-6.972632396657248,-1.6644553198072147,0.557063527008566,-0.15150627189691335,-7.0368464749599955,-2.1060147442873767,-1.7200617604913364,-6.419376961656045,0.44863076416193104,-2.0115883283019333,0.7091824867565466,-7.259975324745145,0.11537041188311359,0.6703323211526699,0.5208267137463399,-1.3817192576246287,0.05228136868750588,-9.734815292932726,-6.508437033264578,-1.699168121168468,0.5942974432446804,-0.07393279695643251,0.6024035235528986,-7.320359715578595,-2.232049233889447,-76.57052014948137,-4.002580461876676,-5.106605108265426,-1.8080387507333775,-1.1763427908637416,0.5310094188870955,-0.15194140208976226,0.7810369801457111,0.9780672068895202,-216.2056847277107,-0.444861145937518,0.05271385310741694,0.8707869560296568,0.8949007540746379,-3.4872833419282143,-1.6904997870162726,0.0645813620909147,-0.5897803243187241,0.010305583360906811,-5.251744936470545,0.855989475821854,0.9582990661933339,0.10213002747829913,0.6042640803201786,0.7469979750857474,0.02132080816136417,-4.031781462935139
14137000,0.6389419910487701,0.5423458861887185,0.7120248994760984,0.5502016182269369,0.3424153310079192,0.6625148847699103,0.7591475489159737,0.6807701094913119,0.6397112017080209,0.5741387509873285,0.7472083163986978,0.5676250650428505,0.6710744615819316,0.8565275664165659,0.6837049547412892,0.5551555617432316,0.864339289945691,0.6219470015215772,0.6549159358977659,0.21208781027526413,0.6731266019231894,0.7830425404900638,0.8346278469695394,0.6492656962787748,0.4068166124916869,0.011679118062236649,0.5410242607134135,0.7082397226775164,0.7830280814337071,0.7743120930663326,0.689325459582,0.796449582812417,0.8409260332168739,0.8797139682610318,0.48553507649699956,-0.18854084713737285,0.5385062358696484,0.8002560998849936,0.7598128288217749,0.5864517974356991,0.5664549487876549,0.8015179036043852,0.7982770146750253,0.856216763749805,0.6799789068310419,0.8988263962474634,-185.83799160241725,0.8739739865513804,0.8993392718132487,0.9019867681620308,0.777801211712313,0.8154943177976312
14158790,0.6975653037083898,0.6004082783216291,0.7723314708418817,0.6267056170773819,0.41271781490855175,0.6558169523821877,0.7652003368368937,0.7929626687325322,0.6602043928520853,0.5823207659475893,0.7510932695543976,0.5710637729085672,0.6743226208553218,0.8733955376678871,0.6895307809128771,0.5543275663525886,0.880225287320737,0.6184183647079283,0.6829232778690824,0.20506903724880665,0.6470151041320533,0.8561064008774859,0.8611744627636222,0.6577163060336648,0.42547137470646434,0.05486293251340857,0.5527392148170273,0.7274166964484883,0.835277752692884,0.8094816385860096,0.7280888196307554,0.8039370690219849,0.8769161893920159,0.9532693187280878,0.5239582787033588,0.5979342604196269,0.5988521958932522,0.9080672948747591,0.9026832017108258,0.5994225043753083,0.581276009171771,0.8238854481904829,0.8252233665041528,0.8830065242406416,0.7244425783368964,0.9174885699151111,-58.67055298705593,0.8668489480748551,0.8967744393549262,0.900017156173566,0.7978334481929881,0.8265789705840585
14222500,0.4921015012363553,0.1389520126441982,0.4507720552430723,0.31465175481757457,0.17480419905090883,0.40153951967916546,0.31920209655978227,0.4561130945392283,0.5890032343694093,0.4327574122857435,0.5638155414103582,-0.12599421003143774,0.32439204502849084,0.7947886963185609,0.7250100119748513,0.4528204438033918,0.8313372960057972,-0.05872022151790457,0.0769287702291882,-0.382263374990248,0.6785765393401622,0.6471326785792101,0.7636459858084346,0.2857510465576951,0.26442095267906573,-0.053716385456285876,0.5321719781965328,0.459579430075695,0.748706755976392,0.5273834676023811,0.17108739177040044,0.5709322190073259,0.7922358973840696,0.8478540273656165,0.4739011601524853,0.45979012522659346,0.5855437505951342,0.7554432302266849,0.7082547454129309,0.4061002901086447,0.46838162590460175,0.7741114532929119,0.7512036038963958,0.8367690546030655,0.6618524910563345,0.8596096954224199,-225.6172216721182,0.8599569244329447,0.8760798225211539,0.8941739099671543,0.7015752671817759,0.6978642552744123
14306340,0.7439113419288685,0.6101385702317886,0.7798426794526865,0.6406121341750839,0.4539682199310303,0.6647096172806968,0.6901202355054721,0.7548024636943701,0.6863016020134046,0.5321318068277088,0.7877338107332147,0.3344134961621513,0.6168162745884673,0.8581531414908363,0.7167325218170149,0.583443328866764,0.8716525723873065,0.5669807592918918,0.7290371158418177,-0.30362062520435207,0.6917277745015853,0.8621394295919169,0.89903616370348,0.573180026355636,-0.5072967805174426,0.11505789582378456,0.6589296484346724,0.7783661618443767,0.8775164669409989,0.8192389302468328,0.73624384263394,0.7250071378298522,0.8992594605829459,0.9544427549362032,0.5121403603317738,0.741512732984704,0.6426448441900221,0.9345518041182572,0.9348432161090665,0.5936299959282819,0.5520245291505512,0.8361878691753397,0.832758272333515,0.8888563615303966,0.7209570816902946,0.9113704737656727,-3.0580526143811273,0.8412259026927363,0.8820928304942297,0.8877217921026876,0.7823504422089254,0.8300507748987144
14316700,0.720831886554214,0.610187329934025,0.792991405971433,0.6436143127934033,0.6066687211628626,0.6258948554090318,0.7217623359627579,0.7596381550380913,0.6980461408733958,0.5835590568579552,0.7572192432914855,0.3887159025408671,0.6261148594360513,0.8619170477791562,0.7290952737458447,0.5885796044920184,0.8690154500310241,0.533872371640101,0.7155325851738954,-0.16785383883136773,0.6730396494543639,0.8513808290179135,0.8813616125031559,0.597668353465092,-0.22548552946975864,0.4060219715659842,0.6510164724994123,0.7570688218423952,0.8708909316729423,0.8068034228779912,0.7216136004429595,0.7511355254304307,0.8839546225570905,0.9521961970596428,0.5248772798324102,0.6941077694600237,0.6609783570695114,0.9136264196432725,0.911352627607663,0.5894528400987762,0.5757752694499529,0.8347435581389908,0.8309624227980038,0.8848281090238161,0.7171554452948321,0.9132825157897841,-40.07412837160996,0.858377068750581,0.8894326757256512,0.9006825450695015,0.7890268963262286,0.8280959613921743

=== END FILE ===
receiver json count: 52
=== FILES extra4 ===
=== MISSING results/23_camels_switch_confirmation/noise_axis_391_global_card_confirmation_20260901_local/extra_cells_summary.json ===
=== MISSING results/23_camels_switch_confirmation/noise_axis_391_global_card_confirmation_20260901_local/extra_cells_per_basin.csv ===
extra json count: 390
=== LOG TAILS ===
--- logs/id29-denorm_218649.out ---
  38/52 success  elapsed 13.0 min
  39/52 success  elapsed 13.0 min
  40/52 success  elapsed 13.0 min
  41/52 success  elapsed 13.0 min
  42/52 success  elapsed 13.0 min
  43/52 success  elapsed 13.0 min
  44/52 success  elapsed 13.0 min
  45/52 success  elapsed 13.0 min
  46/52 success  elapsed 13.0 min
  47/52 success  elapsed 13.0 min
  48/52 success  elapsed 13.0 min
  49/52 success  elapsed 18.1 min
  50/52 success  elapsed 18.1 min
  51/52 success  elapsed 18.1 min
  52/52 success  elapsed 18.1 min
matrix phase complete in 18.1 min
=== SETTLE ===
{
 "n_receivers": 52,
 "n_failed": 0,
 "diag_abs_diff_max": 4.796163466380676e-14,
 "absolute_e2_gain_median": 0.027150296852384737,
 "absolute_e2_wins": 33,
 "absolute_e2_donor_counts": {
  "14306340": 51,
  "01510000": 1
 },
 "absolute_e1_gain_median": 0.006341968827777045,
 "absolute_e1_wins": 29,
 "absolute_oracle_gain_median": 0.05062880442484463,
 "absolute_harmful_donors": 38,
 "registered_ratio_e2_gain_median": 0.04093,
 "registered_ratio_e2_wins": 38,
 "registered_ratio_e1_gain_median": 0.0316,
 "registered_ratio_harmful_donors": 23,
 "delta_e2_ratio_minus_absolute": 0.013779703147615265,
 "outcome": "A_normalization_necessary"
}
=== DONE ===
2026-09-02 18:14:01 +0800
--- logs/id29-extra4_218650.out ---
   "card_registered": 0.7524524005371162,
   "m1c0_abs_diff": 2.710937030414584e-10,
   "card_abs_diff": 2.886579864025407e-15
  },
  {
   "basin_id": "01435000",
   "m1c0_new": 0.6382193470147683,
   "m1c0_registered": 0.6382193470147569,
   "card_new": 0.634260577910573,
   "card_registered": 0.6342605779105719,
   "m1c0_abs_diff": 1.1435297153639112e-14,
   "card_abs_diff": 1.1102230246251565e-15
  }
 ],
 "worst_abs_diff": 2.710937030414584e-10,
 "tolerance": 1e-08,
 "passed": true
}
P0 PASS worst_abs_diff=2.711e-10
=== EXTRA CELLS ===
frozen list: 391 basins; pending: 391; workers: 24
  20/391  elapsed 1.3 min
  40/391  elapsed 2.5 min
  60/391  elapsed 3.7 min
  80/391  elapsed 4.9 min
  100/391  elapsed 6.1 min
  120/391  elapsed 6.2 min
  140/391  elapsed 7.4 min
  160/391  elapsed 8.6 min
  180/391  elapsed 9.8 min
  200/391  elapsed 11.1 min
  220/391  elapsed 12.3 min
  240/391  elapsed 12.4 min
  260/391  elapsed 13.5 min
  280/391  elapsed 14.8 min
  300/391  elapsed 16.0 min
  320/391  elapsed 17.1 min
  340/391  elapsed 18.3 min
  360/391  elapsed 18.6 min
  380/391  elapsed 19.7 min
--- logs/id29-denorm_218649.err (0 bytes) ---
--- logs/id29-extra4_218650.err (0 bytes) ---
=== SHA256 of emitted files ===
f10a8d787947bd16313c7dc9f377d2a8781be1d918a6ade2714f42767a404d65  results/23_camels_switch_confirmation/noise_axis_denormalized_transfer_control_20260902_hpc/p0_report.json
158a552ffa2e2bb7d684e70bd5455cd0a334452abb41b0519c5ecd3cd76680fa  results/23_camels_switch_confirmation/noise_axis_denormalized_transfer_control_20260902_hpc/summary.json
57bbbfd025f213c57075f8b090f230ca9bdb0bdced5fe24a097549d161fc2e4a  results/23_camels_switch_confirmation/noise_axis_denormalized_transfer_control_20260902_hpc/absolute_matrix_nse_holdout.csv
976ff52189a3d725479ab7c5f20ffb850802cd949fe230212a843cdcf651d1dd  results/23_camels_switch_confirmation/noise_axis_denormalized_transfer_control_20260902_hpc/receivers_per_basin.csv
sha256sum: results/23_camels_switch_confirmation/noise_axis_391_global_card_confirmation_20260901_local/extra_cells_*.json: No such file or directory
sha256sum: results/23_camels_switch_confirmation/noise_axis_391_global_card_confirmation_20260901_local/extra_cells_*.csv: No such file or directory
=== DONE ===
### ---------- end ----------
### exit_code=0
### finished=2026-09-02T18:15:31+0800
