01022500
01031500
01047000
01054200
01055000
01057000
01073000
01078000
01123000
01134500
01137500
01139000
01139800
01142500
01144000
01170100
01181000
01187300
01350000
01350140
01411300
01413500
01415000
01434025
01440400
01451800
01466500
01487000
01491000
01510000
01516500
01532000
01542810
01548500
01549500
01550000
01552000
01552500
01557500
01567500
01580000
01586610
01591400
01594950
01596500
01605500
01606500
01632000
01634500
01638480
01639500
01644000
01664000
01666500
01667500
01669520
02013000
02015700
02016000
02017500
02028500
02038850
02046000
02051500
02053200
02055100
02056900
02065500
02070000
02074500
02081500
02082950
02096846
02102908
02111180
02112120
02118500
02128000
02137727
02143000
02143040
02149000
02152100
02177000
02193340
02196000
02198100
02202600
02212600
02215100
02216180
02221525
02231000
02296500
02297310
02298123
02298608
02300700
02342933
02349900
02350900
02361000
02369800
02372250
02374500
02384540
02395120
02415000
02427250
02430085
02450250
02464000
02464360
02465493
02469800
02472000
02472500
02479300
02479560
02481000
02481510
03010655
03011800
03015500
03026500
03028000
03049000
03049800
03050000
03069500
03070500
03076600
03078000
03140000
03144000
03170000
03180500
03182500
03237280
03237500
03238500
03280700
03285000
03291780
03340800
03346000
03364500
03368000
03384450
03463300
03471500
03473000
03479000
03498500
03500000
03500240
03504000
03574500
03592718
04015330
04027000
04043050
04057510
04057800
04059500
04063700
04105700
04122200
04161580
04196800
04197100
04197170
04216418
04221000
04224775
04233000
04256000
05057200
05120500
05291000
05362000
05393500
05399500
05408000
05413500
05414000
05458000
05466500
05487980
05488200
05489000
05495000
05495500
05501000
05503800
05507600
05508805
05525500
05556500
05592050
05592575
05593575
05593900
05595730
06221400
06224000
06278300
06280300
06289000
06291500
06332515
06339100
06344600
06350000
06352000
06404000
06409000
06431500
06447500
06470800
06601000
06622700
06623800
06746095
06803530
06814000
06847900
06853800
06878000
06879650
06885500
06889200
06892000
06903400
06906800
06911900
06917000
06918460
06919500
06921070
06921200
07066000
07083000
07142300
07167500
07180500
07195800
07196900
07261000
07291000
07301410
07315200
07340300
08014500
08050800
08066200
08066300
08070000
08070200
08082700
08086212
08086290
08101000
08103900
08104900
08109700
08158700
08158810
08164300
08164600
08171300
08178880
08189500
08190000
08190500
08194200
08195000
08198500
08202700
08267500
08269000
08271000
08377900
08378500
08380500
09035800
09047700
09065500
09066000
09066200
09066300
09210500
09223000
09306242
09312600
09404450
09430600
09447800
09484600
09492400
09494000
09497980
09505350
09505800
09510200
09512280
10234500
10259000
10336645
10336660
11124500
11141280
11143000
11148900
11151300
11176400
11230500
11237500
11264500
11266500
11284400
11381500
11468500
11473900
11475560
11476600
11480390
11482500
11522500
11528700
11532500
12013500
12020000
12025700
12040500
12041200
12048000
12056500
12082500
12114500
12115000
12117000
12144000
12145500
12175500
12186000
12375900
12381400
12383500
12390700
12411000
12447390
12488500
13011500
13011900
13018300
13023000
13161500
13240000
13313000
13331500
14096850
14138800
14138870
14138900
14139800
14141500
14158790
14166500
14182500
14185900
14216500
14222500
14301000
14303200
14305500
14306340
14306500
14308990
14309500
14325000
14400000
