01022500
01031500
01047000
01055000
01057000
01123000
01134500
01137500
01139000
01142500
01144000
01170100
01333000
01350000
01350080
01350140
01365000
01411300
01413500
01414500
01415000
01423000
01434025
01435000
01439500
01440000
01466500
01484100
01491000
01510000
01532000
01539000
01542810
01543000
01543500
01544500
01545600
01548500
01549500
01552000
01552500
01568000
01580000
01583500
01586610
01594950
01596500
01606500
01632000
01634500
01638480
01644000
01664000
01666500
01667500
01669000
01669520
02011400
02013000
02014000
02015700
02018000
02038850
02051500
02053200
02053800
02056900
02059500
02064000
02070000
02077200
02082950
02092500
02096846
02102908
02108000
02111500
02112120
02112360
02118500
02125000
02128000
02137727
02140991
02143000
02143040
02149000
02152100
02177000
02193340
02196000
02198100
02202600
02212600
02221525
02231000
02245500
02298123
02299950
02300700
02342933
02349900
02361000
02363000
02369800
02371500
02374500
02415000
02427250
02430085
02450250
02464000
02464360
02465493
02472000
02472500
02479155
02479300
02479560
02481000
02481510
03011800
03021350
03026500
03028000
03049000
03050000
03070500
03076600
03144000
03173000
03180500
03186500
03237280
03237500
03238500
03241500
03280700
03281500
03285000
03338780
03340800
03364500
03366500
03368000
03384450
03439000
03455500
03460000
03463300
03471500
03479000
03488000
03500240
03574500
03604000
04024430
04027000
04040500
04045500
04057800
04074950
04115265
04122200
04122500
04127918
04127997
04161580
04185000
04197100
04197170
04213000
04213075
04216418
04224775
04233000
04256000
04296000
05057200
05120500
05291000
05362000
05408000
05413500
05414000
05444000
05454000
05458000
05487980
05488200
05489000
05501000
05525500
05584500
05591550
05592050
05592575
05593575
05593900
05595730
06224000
06278300
06280300
06289000
06291500
06332515
06344600
06350000
06352000
06409000
06431500
06440200
06447500
06470800
06477500
06479215
06601000
06614800
06622700
06623800
06632400
06746095
06803510
06814000
06847900
06853800
06876700
06878000
06879650
06885500
06888500
06889200
06889500
06903400
06906800
06910800
06911900
06919500
07057500
07066000
07142300
07145700
07167500
07180500
07184000
07195800
07196900
07197000
07208500
07261000
07263295
07291000
07299670
07335700
07346045
07359610
07362100
07362587
07375000
08013000
08050800
08066200
08070000
08086212
08086290
08101000
08103900
08104900
08109700
08150800
08158700
08158810
08164300
08171300
08175000
08176900
08178880
08194200
08198500
08200000
08202700
08267500
08269000
08271000
08324000
08377900
08378500
09035800
09035900
09047700
09065500
09066000
09066200
09066300
09081600
09210500
09312600
09352900
09378170
09386900
09447800
09484600
09492400
09494000
09505350
09505800
09508300
09510200
09512280
09513780
10234500
10244950
10259000
10343500
11124500
11143000
11151300
11176400
11230500
11264500
11266500
11284400
11451100
11475560
11478500
11480390
11481200
11482500
11522500
11523200
12010000
12013500
12020000
12035000
12040500
12041200
12048000
12054000
12056500
12073500
12092000
12115000
12143600
12144000
12147500
12167000
12175500
12178100
12377150
12383500
12390700
12411000
12447390
12451000
12488500
13011500
13011900
13018300
13023000
13235000
13240000
13313000
13331500
14020000
14096850
14137000
14138870
14138900
14139800
14154500
14166500
14182500
14187000
14222500
14236200
14301000
14303200
14305500
14306340
14316700
14325000
14362250
14400000
