01022500
01031500
01052500
01054200
01055000
01073000
01078000
01123000
01134500
01139800
01144000
01162500
01181000
01195100
01333000
01350000
01350080
01365000
01413500
01414500
01415000
01423000
01434025
01435000
01439500
01440000
01440400
01484100
01487000
01491000
01510000
01516500
01518862
01532000
01539000
01542810
01543000
01543500
01544500
01545600
01547700
01548500
01549500
01550000
01552000
01552500
01567500
01568000
01583500
01586610
01596500
01605500
01632000
01632900
01638480
01639500
01667500
01669000
02011400
02014000
02015700
02016000
02017500
02018000
02027000
02027500
02038850
02046000
02051500
02053800
02056900
02059500
02064000
02069700
02070000
02077200
02081500
02092500
02096846
02102908
02111180
02111500
02112120
02112360
02118500
02125000
02128000
02137727
02140991
02143040
02149000
02152100
02177000
02178400
02193340
02196000
02198100
02215100
02216180
02231000
02245500
02246000
02296500
02297155
02297310
02298123
02299950
02363000
02371500
02372250
02374500
02381600
02384540
02427250
02450250
02464360
02469800
02472500
02479155
02481000
03010655
03015500
03021350
03026500
03028000
03049000
03049800
03050000
03070500
03078000
03140000
03144000
03170000
03173000
03182500
03186500
03237280
03237500
03238500
03241500
03280700
03281500
03291780
03338780
03340800
03346000
03364500
03366500
03368000
03384450
03439000
03455500
03456500
03460000
03463300
03473000
03479000
03488000
03498500
03500000
03500240
03504000
03574500
03592718
03604000
04015330
04024430
04027000
04040500
04043050
04045500
04057510
04057800
04059500
04063700
04074950
04122500
04127997
04185000
04196800
04197100
04197170
04213075
04216418
04224775
04296000
05057200
05362000
05393500
05399500
05408000
05413500
05414000
05454000
05458000
05466500
05488200
05489000
05495000
05495500
05503800
05507600
05508805
05584500
05591550
05592050
05592575
05593900
05595730
06221400
06224000
06289000
06311000
06332515
06339100
06350000
06404000
06406000
06440200
06447500
06479215
06601000
06614800
06622700
06623800
06632400
06746095
06803510
06803530
06853800
06876700
06885500
06889500
06892000
06903400
06917000
06918460
06921200
07057500
07060710
07066000
07083000
07142300
07145700
07180500
07184000
07196900
07197000
07208500
07261000
07263295
07291000
07315200
07335700
07340300
07346045
07359610
07362100
07362587
07375000
08013000
08014500
08023080
08066200
08066300
08070200
08101000
08104900
08109700
08150800
08164300
08164600
08165300
08171300
08176900
08190000
08190500
08195000
08196000
08200000
08202700
08269000
08271000
08324000
08377900
08378500
09035900
09047700
09065500
09066000
09107000
09223000
09306242
09352900
09378170
09386900
09430600
09447800
09484600
09492400
09494000
09497980
09505350
09505800
09508300
09510200
09512280
09513780
10244950
10336645
10336660
10343500
11124500
11141280
11143000
11148900
11176400
11237500
11264500
11284400
11381500
11473900
11475560
11476600
11480390
11481200
11522500
11523200
11528700
11532500
12010000
12020000
12025700
12035000
12041200
12048000
12054000
12056500
12073500
12082500
12092000
12115000
12117000
12143600
12145500
12147500
12167000
12175500
12178100
12189500
12375900
12377150
12390700
12411000
12447390
12451000
13011500
13011900
13023000
13161500
13235000
13313000
13331500
14020000
14137000
14138870
14138900
14139800
14141500
14154500
14158790
14166500
14182500
14185900
14187000
14222500
14236200
14306340
14308990
14309500
14316700
14325000
14362250
