### channel=id33-transformer-recipe-repair seq=29
### host=login4
### started=2026-09-06T12:14:27+0800
### ---------- output ----------
=== STAMP ===
2026-09-06T12:14:28+0800
3.11.13 | packaged by conda-forge | (main, Jun  4 2025, 14:48:23) [GCC 13.3.0]
=== A. ID30 BASELINE PATHS (read-only) ===
=== B. WIDE PER-BASIN TABLE ===
# T1 /data1/home/sunyiq/id33_transformer_recipe_repair_20260904/repo/results/33_transformer_recipe_repair/T1/transformer_recipe_repair_T1_2026_0905_2127_ep30/validation/model_epoch030/validation_metrics.csv 531
# T2 /data1/home/sunyiq/id33_transformer_recipe_repair_20260904/repo/results/33_transformer_recipe_repair/T2/transformer_recipe_repair_T2_2026_0905_2127_ep30/validation/model_epoch030/validation_metrics.csv 531
# T3 /data1/home/sunyiq/id33_transformer_recipe_repair_20260904/repo/results/33_transformer_recipe_repair/T3/transformer_recipe_repair_T3_2026_0905_2127_ep30/validation/model_epoch030/validation_metrics.csv 531
# T4 /data1/home/sunyiq/id33_transformer_recipe_repair_20260904/repo/results/33_transformer_recipe_repair/T4/transformer_recipe_repair_T4_2026_0905_2132_ep30/validation/model_epoch030/validation_metrics.csv 531
# T5 /data1/home/sunyiq/id33_transformer_recipe_repair_20260904/repo/results/33_transformer_recipe_repair/T5/transformer_recipe_repair_T5_2026_0905_2132_ep30/validation/model_epoch030/validation_metrics.csv 531
# L33 /data1/home/sunyiq/id33_transformer_recipe_repair_20260904/repo/results/33_transformer_recipe_repair/L33/transformer_recipe_repair_L33_2026_0905_2132_ep30/validation/model_epoch030/validation_metrics.csv 531
# D01 /data1/home/sunyiq/id30_modern_transformer_moe_20260827/repo/results/30_modern_transformer_moe/D01/modern_transformer_moe_D01_dense_d128_l4_s100_2026_0827_1955_ep30/validation/model_epoch030/validation_metrics.csv 531
# B01 /data1/home/sunyiq/id30_modern_transformer_moe_20260827/repo/results/30_modern_transformer_moe/B01/modern_transformer_moe_B01_lstm_s100_2026_0827_1820_ep30/validation/model_epoch030/validation_metrics.csv 531
basin,T1,T2,T3,T4,T5,L33,D01,B01
01022500,0.7827390432357788,0.8008160591125488,0.8005174398422241,0.7616031169891357,0.802838921546936,0.7495423555374146,0.7328488826751709,0.840348482131958
01031500,0.8144873976707458,0.8693517446517944,0.8197689056396484,0.813647985458374,0.8335262537002563,0.8509323596954346,0.8395349979400635,0.832870602607727
01047000,0.8079271912574768,0.8480067253112793,0.8667242527008057,0.7935355305671692,0.7723968029022217,0.7619146108627319,0.8157380819320679,0.8854019045829773
01052500,0.8536216616630554,0.8672588467597961,0.8838414549827576,0.8621917366981506,0.8365750908851624,0.795219361782074,0.8185400366783142,0.8684292435646057
01054200,0.6322144865989685,0.5243843197822571,0.5987863540649414,0.6567914485931396,0.5166957378387451,0.574695348739624,0.608472466468811,0.6223454475402832
01055000,0.6918699145317078,0.6048285365104675,0.7379231452941895,0.5830686092376709,0.5455436706542969,0.5686900019645691,0.6208741664886475,0.7121614217758179
01057000,0.7877325415611267,0.7769771814346313,0.7056306600570679,0.7595807909965515,0.8267515897750854,0.7750352621078491,0.7529221773147583,0.851912796497345
01073000,0.6510680317878723,0.6545351147651672,0.6103389263153076,0.7535485029220581,0.6811718940734863,0.6122745275497437,0.7000120282173157,0.7948282957077026
01078000,0.8499447107315063,0.8774877786636353,0.8060906529426575,0.8257836103439331,0.8531931638717651,0.7519690990447998,0.8353168964385986,0.842592716217041
01123000,0.736851155757904,0.758514404296875,0.7980080246925354,0.799052357673645,0.7639643549919128,0.778199315071106,0.766790509223938,0.8117185831069946
01134500,0.7713446617126465,0.7373852729797363,0.7931048274040222,0.8339093923568726,0.806063711643219,0.8114310503005981,0.7368023991584778,0.8077681064605713
01137500,0.765967845916748,0.7319920063018799,0.7891180515289307,0.7758985757827759,0.7130554914474487,0.7383191585540771,0.7521820068359375,0.8001182675361633
01139000,0.7985872626304626,0.7724102735519409,0.8121445178985596,0.7870286703109741,0.8022236227989197,0.6875519752502441,0.7777926921844482,0.8165569305419922
01139800,0.8423678278923035,0.7638678550720215,0.8172060251235962,0.7512657642364502,0.7693250179290771,0.7327606081962585,0.7632079720497131,0.5614556670188904
01142500,0.7624188661575317,0.6235820055007935,0.7059631943702698,0.7435787916183472,0.650368332862854,0.756461501121521,0.6514238119125366,0.7293184399604797
01144000,0.8523383140563965,0.8271163702011108,0.8144910931587219,0.8001887798309326,0.8106294870376587,0.7594287395477295,0.7727954387664795,0.7774074673652649
01162500,0.60872483253479,0.5769245624542236,0.7261428833007812,0.6169687509536743,0.7016347646713257,0.7511016130447388,0.6715338230133057,0.6755997538566589
01169000,0.7690096497535706,0.7221428155899048,0.6992322206497192,0.6636643409729004,0.6656332015991211,0.5314263105392456,0.6727839112281799,0.6090052723884583
01170100,0.7817699909210205,0.7347910404205322,0.7295615673065186,0.7290430665016174,0.6983803510665894,0.7224723100662231,0.6928758025169373,0.5861752033233643
01181000,0.6460496187210083,0.6699239015579224,0.6585644483566284,0.6152551174163818,0.6280233860015869,0.6763673424720764,0.508586049079895,0.6057347059249878
01187300,0.7413229942321777,0.7891150712966919,0.8241583108901978,0.7646657228469849,0.8255211114883423,0.7507810592651367,0.767540693283081,0.7271395325660706
01195100,0.6640770435333252,0.7295554280281067,0.6699205636978149,0.7073878049850464,0.7276647090911865,0.658528208732605,0.6519050598144531,0.6821048259735107
01333000,0.5476513504981995,0.5342261791229248,0.5270863771438599,0.42652827501296997,0.5711885690689087,0.5098904371261597,0.5159785151481628,0.4089123010635376
01350000,0.8079265356063843,0.7001292705535889,0.7569028735160828,0.7879226207733154,0.5921630859375,0.6740504503250122,0.7067738771438599,0.6099688410758972
01350080,0.6474081873893738,0.6157131195068359,0.7361507415771484,0.7429569959640503,0.6574931740760803,0.7845725417137146,0.6756412982940674,0.4786112904548645
01350140,0.6259174346923828,0.5495924949645996,0.6127641797065735,0.7128658294677734,0.6891487836837769,0.449552059173584,0.670135498046875,0.5569972991943359
01365000,0.7943417429924011,0.7093669176101685,0.741851806640625,0.7114440202713013,0.7716153860092163,0.759868323802948,0.7626078128814697,0.7165456414222717
01411300,0.49908363819122314,0.7284060120582581,0.7069531679153442,0.7586824893951416,0.5392711162567139,0.7463641166687012,0.4733734726905823,0.6610767841339111
01413500,0.6286089420318604,0.5607157945632935,0.7044166326522827,0.6983417272567749,0.497425377368927,0.7085456848144531,0.6641798615455627,0.3961257338523865
01414500,0.6292444467544556,0.5354464650154114,0.5558667182922363,0.521854043006897,0.5570864677429199,0.5047715902328491,0.6349490284919739,0.5449645519256592
01415000,0.5435265302658081,0.525276780128479,0.6112819314002991,0.59255051612854,0.5916625261306763,0.7099028825759888,0.6547213792800903,0.5097149610519409
01423000,0.6664410829544067,0.6616812348365784,0.6336749792098999,0.7500971555709839,0.6672002077102661,0.6732485294342041,0.7287949323654175,0.6346964836120605
01434025,0.6599472761154175,0.5849880576133728,0.6217688322067261,0.5089672803878784,0.4740936756134033,0.635816216468811,0.5711642503738403,0.5326998233795166
01435000,0.7286263108253479,0.6274257898330688,0.6818336248397827,0.6714236736297607,0.7301913499832153,0.6478796005249023,0.7197687029838562,0.6709180474281311
01439500,0.6043593287467957,0.7051271200180054,0.6912610530853271,0.7693606019020081,0.7857659459114075,0.7014344930648804,0.697412371635437,0.684407651424408
01440000,0.7555618286132812,0.8271304965019226,0.8173441290855408,0.7588230967521667,0.7333471775054932,0.8149646520614624,0.7255163788795471,0.7360211610794067
01440400,0.6469975709915161,0.6177705526351929,0.6770199537277222,0.7056273818016052,0.7083171606063843,0.6380647420883179,0.6769113540649414,0.6489830613136292
01451800,0.6825887560844421,0.6928235292434692,0.6795566082000732,0.7199240326881409,0.7239041328430176,0.7189735770225525,0.7574974298477173,0.7819777727127075
01466500,0.7852082848548889,0.7895507216453552,0.695421040058136,0.7206922769546509,0.8117344379425049,0.8803722858428955,0.7347357273101807,0.7753135561943054
01484100,0.6957184672355652,0.7144926190376282,0.684450626373291,0.8044608235359192,0.8216049671173096,0.6651890277862549,0.7861061096191406,0.733830451965332
01487000,0.7730708122253418,0.851027250289917,0.8050057291984558,0.9164332747459412,0.831275224685669,0.9074186086654663,0.8582863807678223,0.8962512612342834
01491000,0.7369463443756104,0.7232645750045776,0.817627489566803,0.8813810348510742,0.9220333099365234,0.8392302989959717,0.8260480165481567,0.8636871576309204
01510000,0.7273510694503784,0.724403440952301,0.8248046636581421,0.7558436989784241,0.6577205061912537,0.7690806984901428,0.7519935965538025,0.7921327352523804
01516500,0.5951069593429565,0.5378841161727905,0.5948970317840576,0.6656395196914673,0.5830016136169434,0.7169966697692871,0.5825942754745483,0.6908385753631592
01518862,0.6445221900939941,0.7237719297409058,0.6208629608154297,0.6614360809326172,0.7352100610733032,0.70014488697052,0.6591105461120605,0.7155857682228088
01532000,0.700950562953949,0.6683473587036133,0.6566363573074341,0.7227213382720947,0.6956887245178223,0.7930403351783752,0.7051888704299927,0.7015331387519836
01539000,0.8036961555480957,0.7398561239242554,0.7771276235580444,0.8572221994400024,0.8528975248336792,0.8211135864257812,0.8154523968696594,0.8235998749732971
01542810,0.7962634563446045,0.7765699028968811,0.7706919312477112,0.7895301580429077,0.829613983631134,0.7658585906028748,0.747755765914917,0.8308913707733154
01543000,0.8718407154083252,0.850124716758728,0.8289440870285034,0.8539752960205078,0.8901515007019043,0.7933644652366638,0.8084326982498169,0.8900660276412964
01543500,0.8662829399108887,0.8647421002388,0.8163338303565979,0.8825942277908325,0.8917375206947327,0.8806877732276917,0.8241618871688843,0.8966276049613953
01544500,0.8586993217468262,0.8609344959259033,0.7925942540168762,0.7983238101005554,0.8843773603439331,0.7665450572967529,0.8161360025405884,0.8252019286155701
01545600,0.8200972676277161,0.8003005981445312,0.7529489994049072,0.7991799712181091,0.8265670537948608,0.7975509166717529,0.7236548662185669,0.8283064365386963
01547700,0.6515471935272217,0.5969514846801758,0.6701165437698364,0.7498142719268799,0.7339818477630615,0.6761360168457031,0.7504290342330933,0.5602144598960876
01548500,0.8440005779266357,0.8634241819381714,0.7950010299682617,0.8533443808555603,0.8942348957061768,0.8456019163131714,0.8605377674102783,0.9135624170303345
01549500,0.7508795261383057,0.6473743915557861,0.7082626819610596,0.7822626829147339,0.7328119277954102,0.7653025984764099,0.7319736480712891,0.6926563382148743
01550000,0.7742133140563965,0.7131960391998291,0.7373799681663513,0.7896442413330078,0.7833492755889893,0.7956954836845398,0.7731881737709045,0.7082264423370361
01552000,0.7586621046066284,0.7600120306015015,0.725523829460144,0.8191267848014832,0.7440584897994995,0.8455466032028198,0.7728921175003052,0.7467228174209595
01552500,0.6450003385543823,0.5554186105728149,0.6193130016326904,0.7593517899513245,0.6283906698226929,0.6990385055541992,0.6541620492935181,0.6154125332832336
01557500,0.8452749252319336,0.8214346766471863,0.7851760983467102,0.8654655814170837,0.8200943470001221,0.824637234210968,0.8427774906158447,0.8135926723480225
01567500,0.7008628845214844,0.7661902904510498,0.7576567530632019,0.7528887391090393,0.7476035356521606,0.7790225744247437,0.770907998085022,0.7564337849617004
01568000,0.8357650637626648,0.8459915518760681,0.8366798758506775,0.866227388381958,0.8570283651351929,0.8474922180175781,0.8161042928695679,0.8449398875236511
01580000,0.6257939338684082,0.647071361541748,0.5955569744110107,0.7075009346008301,0.7245442867279053,0.6219571232795715,0.624234676361084,0.6278749704360962
01583500,0.6220378875732422,0.5244791507720947,0.5663077235221863,0.487687885761261,0.5041875243186951,0.5024028420448303,0.46213120222091675,0.45519840717315674
01586610,0.5370648503303528,0.6233687400817871,0.6573141813278198,0.6907184720039368,0.6652767658233643,0.604332447052002,0.5878515839576721,0.604211688041687
01591400,0.3488340973854065,0.21570485830307007,0.39488476514816284,0.43449240922927856,0.43459099531173706,0.5216448307037354,0.3499087691307068,0.27411752939224243
01594950,0.7443764209747314,0.7881119251251221,0.7846827507019043,0.7134121656417847,0.7623429298400879,0.7261667251586914,0.7626765966415405,0.7189598083496094
01596500,0.7507025599479675,0.7666202783584595,0.7497137784957886,0.8230463862419128,0.7489859461784363,0.8081296682357788,0.7962148189544678,0.8182353377342224
01605500,0.5751206874847412,0.696817934513092,0.6664931774139404,0.727484941482544,0.6788896918296814,0.6376059055328369,0.5975749492645264,0.7614690661430359
01606500,0.7719054818153381,0.7369031310081482,0.7735530734062195,0.7929127216339111,0.7441199421882629,0.7684946656227112,0.7376499176025391,0.754051923751831
01632000,0.44630587100982666,0.5126006603240967,0.5046250820159912,0.4527904987335205,0.5019591450691223,0.46068239212036133,0.477830708026886,0.5271586179733276
01632900,0.46482157707214355,0.553525447845459,0.2430458664894104,0.5283862352371216,0.6843054294586182,0.27814507484436035,0.366025447845459,0.654259204864502
01634500,0.6628201007843018,0.6155332922935486,0.6038931608200073,0.6192563772201538,0.5977897047996521,0.424625039100647,0.576485276222229,0.6499122381210327
01638480,0.44985371828079224,0.5919581651687622,0.4498724937438965,0.46828317642211914,0.6372259855270386,0.36154574155807495,0.6842920780181885,0.7501652240753174
01639500,0.5823423862457275,0.7765703201293945,0.6736673712730408,0.7264772653579712,0.7245771884918213,0.6486040353775024,0.6577887535095215,0.7319775819778442
01644000,0.7931944727897644,0.8575741052627563,0.8529201745986938,0.8684767484664917,0.8107447028160095,0.9117813110351562,0.8216015100479126,0.8969058990478516
01664000,0.7872921824455261,0.8170998096466064,0.816811740398407,0.8312774896621704,0.8585070371627808,0.774020791053772,0.8603869080543518,0.8660026788711548
01666500,0.4595797657966614,0.7652996182441711,0.7713724374771118,0.6077821254730225,0.3489384055137634,0.560862123966217,0.31950289011001587,0.7493541240692139
01667500,0.6951055526733398,0.8183510899543762,0.8377785682678223,0.794453501701355,0.7427540421485901,0.7070727348327637,0.28608888387680054,0.7610468864440918
01669000,0.7457904815673828,0.7997720837593079,0.7330507040023804,0.7792925238609314,0.8462238311767578,0.7041531801223755,0.8179875612258911,0.7779813408851624
01669520,0.7495163083076477,0.8053860664367676,0.6896117329597473,0.8225676417350769,0.7516589164733887,0.6648585796356201,0.8024131655693054,0.7732900381088257
02011400,0.8051934242248535,0.90779048204422,0.8714550137519836,0.8969034552574158,0.9120101928710938,0.8825424313545227,0.8174630403518677,0.8935015797615051
02013000,0.7982125878334045,0.7775967121124268,0.801913857460022,0.8852214813232422,0.7710724472999573,0.9125264883041382,0.8277345299720764,0.847008228302002
02014000,0.8742505311965942,0.8086928129196167,0.8308287262916565,0.8410772681236267,0.8276705741882324,0.8904271721839905,0.8363208174705505,0.8849219679832458
02015700,0.5946750640869141,0.767160952091217,0.6174564957618713,0.7684541344642639,0.766078531742096,0.7713926434516907,0.6473830938339233,0.7989704012870789
02016000,0.772320032119751,0.8454316854476929,0.8265019059181213,0.838619589805603,0.8377301692962646,0.8316665887832642,0.8171302080154419,0.8288180232048035
02017500,0.6943502426147461,0.7010499238967896,0.7083742618560791,0.7527555227279663,0.6952019333839417,0.7872023582458496,0.7308920621871948,0.7430250644683838
02018000,0.7561342120170593,0.8656311631202698,0.7846830487251282,0.8214884400367737,0.792421817779541,0.8249447345733643,0.7655900120735168,0.7886013984680176
02027000,0.6163954734802246,0.6823015213012695,0.654374897480011,0.7427330017089844,0.6590107679367065,0.7565288543701172,0.6808342933654785,0.744756817817688
02027500,0.655093252658844,0.6617066860198975,0.4400867223739624,0.7476752400398254,0.7134320735931396,0.7719751596450806,0.6159933805465698,0.6223134994506836
02028500,0.7417374849319458,0.6537783145904541,0.7779922485351562,0.738694429397583,0.7414684891700745,0.7692749500274658,0.6862182021141052,0.6639142036437988
02038850,0.7140599489212036,0.7118897438049316,0.6740972995758057,0.6619827151298523,0.6914249658584595,0.5987359881401062,0.6697571277618408,0.6692565679550171
02046000,0.7586012482643127,0.7325711250305176,0.784110426902771,0.722009539604187,0.8106955885887146,0.64628005027771,0.69310063123703,0.7606922388076782
02051500,0.7225236296653748,0.7658556699752808,0.803486704826355,0.833448052406311,0.7460107803344727,0.6877777576446533,0.7931047677993774,0.8196274042129517
02053200,0.7677381634712219,0.7908022403717041,0.7196338772773743,0.8157334327697754,0.7835286259651184,0.7163869738578796,0.7547425031661987,0.7939275503158569
02053800,0.8379683494567871,0.8382686972618103,0.7706916332244873,0.7889257669448853,0.8389575481414795,0.8028512001037598,0.8132794499397278,0.7753211259841919
02055100,0.6138225793838501,0.5567601919174194,0.554364800453186,0.6239115595817566,0.6305019855499268,0.65422523021698,0.5454363822937012,0.6732905507087708
02056900,0.7509371638298035,0.7987382411956787,0.7308269739151001,0.6717391014099121,0.7808789014816284,0.7313995957374573,0.7651863098144531,0.7288342714309692
02059500,0.6554397344589233,0.6235743761062622,0.5226655006408691,0.7014309167861938,0.7090858817100525,0.7222779989242554,0.6486281156539917,0.6911494731903076
02064000,0.8451387882232666,0.8847953081130981,0.8817415237426758,0.8557307720184326,0.8018275499343872,0.6691064834594727,0.5243434906005859,0.8528887033462524
02065500,0.23868197202682495,0.48721057176589966,0.40465402603149414,0.4169343113899231,0.3991295099258423,0.2395014762878418,0.07867604494094849,0.26292067766189575
02069700,0.47676289081573486,0.6308062076568604,0.41571640968322754,0.5672593116760254,0.46929681301116943,0.5063002109527588,0.5554736852645874,0.6240423321723938
02070000,0.6144813299179077,0.6104135513305664,0.575249195098877,0.5802254676818848,0.5817370414733887,0.5539563894271851,0.6366236209869385,0.6281535625457764
02074500,0.4488282799720764,0.5165302753448486,0.40505874156951904,0.569469690322876,0.6253710389137268,0.47466152906417847,0.6059622764587402,0.47428470849990845
02077200,0.6964167356491089,0.6183376908302307,0.6419270038604736,0.6292567849159241,0.5853735208511353,0.5983361601829529,0.6421751976013184,0.7208225727081299
02081500,0.593705415725708,0.7592315673828125,0.6524960994720459,0.6697549819946289,0.6841353178024292,0.04307353496551514,0.5888700485229492,0.7435902953147888
02082950,0.7968941926956177,0.7502701878547668,0.6565914750099182,0.8066709041595459,0.7659511566162109,0.7654702663421631,0.7824214696884155,0.8281964063644409
02092500,0.8346700072288513,0.8343794941902161,0.8022573590278625,0.7890377640724182,0.9262658953666687,0.7280365824699402,0.8438031673431396,0.9352080225944519
02096846,0.36320680379867554,0.5246928334236145,0.3788887858390808,0.4219614267349243,0.43866318464279175,0.3491307497024536,0.37041252851486206,0.4105476140975952
02102908,0.7199777960777283,0.7833124995231628,0.7347288131713867,0.6499801874160767,0.5486035346984863,0.5608929395675659,0.6129748821258545,0.6857208013534546
02108000,0.7992241978645325,0.7407530546188354,0.8296032547950745,0.8382123112678528,0.8034248948097229,0.8305650949478149,0.8602003455162048,0.8218384981155396
02111180,0.5513721108436584,0.5592923164367676,0.48892688751220703,0.5221184492111206,0.571102499961853,0.533308744430542,0.6528388261795044,0.6325283050537109
02111500,0.46794116497039795,0.5659188032150269,0.5418151617050171,0.568885326385498,0.550753116607666,0.5409067869186401,0.5724129676818848,0.5450681447982788
02112120,0.3829762935638428,0.6212693452835083,0.47221994400024414,0.4748609662055969,0.6156511306762695,0.5799459218978882,0.4862021207809448,0.5207290649414062
02112360,0.5005017518997192,0.739769458770752,0.6743758916854858,0.680493175983429,0.7480549812316895,0.5463614463806152,0.6979227066040039,0.6894487142562866
02118500,0.5269172787666321,0.5606402158737183,0.5441584587097168,0.522460401058197,0.5182321071624756,0.5034785270690918,0.5518205165863037,0.5674050450325012
02125000,0.768778920173645,0.8345882296562195,0.7740386724472046,0.8175089955329895,0.739875316619873,0.8613286018371582,0.6419816017150879,0.9003745317459106
02128000,0.6278959512710571,0.6531394720077515,0.7679091691970825,0.702292799949646,0.5890318155288696,0.8320822715759277,0.5321828126907349,0.6988868713378906
02137727,0.6277120113372803,0.6198341846466064,0.7019056081771851,0.7878333926200867,0.6763139963150024,0.7821156978607178,0.6609638929367065,0.6441066265106201
02140991,0.6768038868904114,0.7069747447967529,0.6351871490478516,0.44049668312072754,0.7124093770980835,0.20987015962600708,0.7164853811264038,0.7264856100082397
02143000,0.6890201568603516,0.7317323088645935,0.6825053691864014,0.6531420946121216,0.7494024038314819,0.7474822998046875,0.6479553580284119,0.7123855352401733
02143040,0.4590020775794983,0.572729766368866,0.4171680808067322,0.6092581152915955,0.5644477009773254,0.5886212587356567,0.47485703229904175,0.5991829633712769
02149000,0.6008884906768799,0.6826869249343872,0.6881084442138672,0.6549708843231201,0.7309232950210571,0.636630117893219,0.6860113739967346,0.6670153737068176
02152100,0.585914134979248,0.6017422676086426,0.5885750651359558,0.5613009929656982,0.6109051704406738,0.6584912538528442,0.5609457492828369,0.6499000787734985
02177000,0.5411899089813232,0.6460801362991333,0.5964337587356567,0.7797253727912903,0.6983766555786133,0.7704885005950928,0.4332156777381897,0.7665807008743286
02178400,0.7660192251205444,0.6871356964111328,0.6767334342002869,0.754760205745697,0.7719799876213074,0.7356132864952087,0.7307407855987549,0.7535160779953003
02193340,0.8154798150062561,0.8299505710601807,0.8345596194267273,0.5170311331748962,0.7792114019393921,0.8259800672531128,0.822735607624054,0.8348100185394287
02196000,0.7473512887954712,0.8670145869255066,0.8297344446182251,0.80280601978302,0.9221885204315186,0.7415201663970947,0.8581095933914185,0.855110228061676
02198100,0.47018635272979736,0.6079144477844238,0.5667064189910889,0.5940625667572021,0.6168370842933655,0.4349290132522583,0.6799346208572388,0.6227439045906067
02202600,0.8426064252853394,0.6894505023956299,0.8443796634674072,0.9108756184577942,0.898108959197998,0.7329024076461792,0.8925607204437256,0.8138434290885925
02212600,0.7244852781295776,0.6719149351119995,0.643845796585083,0.7472972869873047,0.5983360409736633,0.6078993678092957,0.5931441783905029,0.7801348567008972
02215100,0.3239511251449585,0.8375829458236694,0.6903486251831055,0.7371175289154053,0.7648707628250122,0.8266549110412598,0.8147719502449036,0.5766243934631348
02216180,0.5438212156295776,0.6928059458732605,0.6375625133514404,0.7055153846740723,0.5453792810440063,0.6757050156593323,0.6640607118606567,0.7351455688476562
02221525,0.1265069842338562,0.5864570140838623,0.4053713083267212,0.5624290704727173,0.6971861124038696,0.5512441396713257,0.5397238731384277,0.5792018175125122
02231000,0.879702627658844,0.8881361484527588,0.8398162126541138,0.9483820796012878,0.9725844264030457,0.8332474231719971,0.892890214920044,0.8910931944847107
02245500,0.27144503593444824,0.5526257753372192,0.11423170566558838,0.19923800230026245,0.4783569574356079,0.5528699159622192,0.36736810207366943,0.44944196939468384
02246000,0.7049148082733154,0.804176390171051,0.7661271095275879,0.8100285530090332,0.7514302730560303,0.7740883827209473,0.8480584025382996,0.850104033946991
02296500,0.4616468548774719,0.25797587633132935,0.16831952333450317,0.516294002532959,0.6873953938484192,0.45499902963638306,0.15087294578552246,0.29899781942367554
02297155,-12.540743827819824,-8.163479804992676,-15.74260139465332,-8.328205108642578,-10.044733047485352,-1.8011691570281982,-8.024002075195312,-11.31335735321045
02297310,-2.4907755851745605,-1.5890038013458252,-2.7117908000946045,-2.9475088119506836,-1.0120227336883545,-0.28315842151641846,-1.330195665359497,-0.9082702398300171
02298123,0.5395321846008301,0.6431570053100586,0.6985839605331421,0.6466703414916992,0.760723352432251,0.7514868974685669,0.6322453022003174,0.7912572026252747
02298608,0.405076801776886,0.17780518531799316,0.17303436994552612,-0.4152700901031494,0.2530497908592224,0.20914620161056519,0.3306922912597656,0.16213244199752808
02299950,0.47791075706481934,0.5324995517730713,0.5882447957992554,0.21761387586593628,0.46711790561676025,0.3348764181137085,0.3477397561073303,0.6429960131645203
02300700,-0.15069735050201416,-0.14324438571929932,0.05970728397369385,-0.2824134826660156,0.0386737585067749,-0.4290264844894409,-0.14904987812042236,0.03891056776046753
02342933,0.46160465478897095,0.5063788294792175,0.47628748416900635,0.5224844217300415,0.397979199886322,0.41696667671203613,0.3328934907913208,0.5506622791290283
02349900,-0.7684640884399414,0.728665828704834,0.3518367409706116,0.38921236991882324,0.4920998215675354,-1.1673097610473633,0.611836850643158,0.3213680386543274
02350900,0.7306316494941711,0.8430353403091431,0.8558264374732971,0.9076072573661804,0.8656965494155884,0.8123013377189636,0.8056814074516296,0.8579439520835876
02361000,0.7208019495010376,0.6157143115997314,0.4983746409416199,0.6179472208023071,0.348200261592865,0.8168924450874329,0.784155011177063,0.833669900894165
02363000,0.7440606355667114,0.6772185564041138,0.7764255404472351,0.7673816680908203,0.7804163694381714,0.6771013140678406,0.7032190561294556,0.673509955406189
02369800,0.6992130279541016,0.6764922142028809,0.6061481833457947,0.73879075050354,0.6785249710083008,0.7071726322174072,0.536652684211731,0.7637230753898621
02371500,0.38216859102249146,0.44789981842041016,0.5710241198539734,0.5468564033508301,0.5663877725601196,0.500267744064331,0.6041096448898315,0.5193034410476685
02372250,0.3401399254798889,-0.17794263362884521,-0.03727436065673828,-0.2189418077468872,-0.10520946979522705,-0.6090576648712158,0.6583062410354614,-0.019083261489868164
02374500,0.3651941418647766,0.27910393476486206,0.18256688117980957,0.44880419969558716,0.3633353114128113,0.29300373792648315,0.4069594740867615,0.5065710544586182
02381600,0.31856483221054077,0.2391679883003235,0.06397843360900879,0.2766013741493225,0.3567424416542053,0.4614822268486023,0.38000988960266113,0.266198992729187
02384540,0.6423653960227966,0.6204921007156372,0.3951818346977234,0.3490121364593506,0.586804986000061,0.5677493810653687,0.687015175819397,0.5311245918273926
02395120,-1.7320334911346436,0.48928147554397583,-1.0318284034729004,0.23303717374801636,0.30874693393707275,0.2720639109611511,-0.37763798236846924,0.36252927780151367
02415000,0.5250537395477295,0.42801517248153687,0.6225965023040771,0.7267427444458008,0.607633650302887,0.5414602756500244,0.7020788192749023,0.725914478302002
02427250,0.6745649576187134,0.4059513807296753,0.6013390421867371,0.6567634344100952,0.7306504249572754,-0.6331337690353394,0.7673446536064148,0.6422654986381531
02430085,0.7010084986686707,0.7310020923614502,0.735795795917511,0.7396314740180969,0.7329705357551575,0.5500650405883789,0.7025240659713745,0.7457553148269653
02450250,0.5900566577911377,0.651867151260376,0.37273430824279785,0.3403729796409607,0.5636982917785645,0.6470153331756592,0.53397536277771,0.3107963800430298
02464000,0.7126586437225342,0.746584415435791,0.6359210014343262,0.7730482816696167,0.7508336901664734,0.6866032481193542,0.6896887421607971,0.6600083708763123
02464360,0.6831542253494263,0.6903363466262817,0.678777813911438,0.6363389492034912,0.7184464931488037,0.595023512840271,0.7108659744262695,0.6468448638916016
02465493,-1.1704468727111816,-0.1681886911392212,-4.929493427276611,-1.1278643608093262,-0.34850525856018066,0.07040345668792725,-0.930595874786377,0.2213383913040161
02469800,0.726254940032959,0.7977876663208008,0.6826900243759155,0.8283013701438904,0.7738680839538574,0.6261448264122009,0.7459633350372314,0.8223083019256592
02472000,0.8261381983757019,0.844764232635498,0.8415833115577698,0.8345794081687927,0.8669925928115845,0.8141927719116211,0.8005509972572327,0.8462320566177368
02472500,0.509368896484375,0.5454885959625244,0.6827363967895508,0.5689510107040405,0.5937473773956299,0.36438441276550293,0.6033817529678345,0.7319959402084351
02479155,0.6239831447601318,0.6391693949699402,0.7623933553695679,0.6185882091522217,0.7981841564178467,0.6926462650299072,0.5684570074081421,0.6936146020889282
02479300,0.8483579158782959,0.7963767051696777,0.7570288181304932,0.7226221561431885,0.7987479567527771,0.6729534864425659,0.829786479473114,0.8213053345680237
02479560,0.7112575769424438,0.7335812449455261,0.6632852554321289,0.7500203251838684,0.6717718839645386,0.681198000907898,0.667492151260376,0.5886238813400269
02481000,0.5515764951705933,0.6038463115692139,0.5655694007873535,0.5160053968429565,0.5911339521408081,0.589398980140686,0.4496251344680786,0.6359360218048096
02481510,0.6453161239624023,0.692615807056427,0.7160906195640564,0.7189576625823975,0.7149673700332642,0.7455387115478516,0.6395968198776245,0.7889926433563232
03010655,0.8380439877510071,0.8545399904251099,0.7865892648696899,0.8318057060241699,0.8663454055786133,0.7827048301696777,0.7661656141281128,0.8195681571960449
03011800,0.7386937141418457,0.7499122023582458,0.7031522989273071,0.7793474793434143,0.795624852180481,0.8261592984199524,0.6434484720230103,0.7484711408615112
03015500,0.8484504222869873,0.7767939567565918,0.7612636685371399,0.706533670425415,0.78899085521698,0.7924495339393616,0.7666364908218384,0.8378339409828186
03021350,0.6835883855819702,0.7278698086738586,0.6906231641769409,0.6515585780143738,0.7706679105758667,0.7037209272384644,0.7151004076004028,0.7216758728027344
03026500,0.7992846965789795,0.8335489630699158,0.7779368162155151,0.8340259194374084,0.8725556135177612,0.7585045099258423,0.7458432912826538,0.8804563283920288
03028000,0.8197415471076965,0.8409010171890259,0.7985324263572693,0.8385818004608154,0.8765778541564941,0.7789547443389893,0.7168023586273193,0.8875069618225098
03049000,0.8063948154449463,0.8375582695007324,0.6300312876701355,0.8601886630058289,0.8410396575927734,0.8128418922424316,0.8076213598251343,0.787466824054718
03049800,0.5582770109176636,0.6087770462036133,0.5697600841522217,0.5857317447662354,0.6517907381057739,0.5739415884017944,0.6296327114105225,0.6905072927474976
03050000,0.7931393384933472,0.8632534742355347,0.805848240852356,0.8336026668548584,0.8105533123016357,0.8484864234924316,0.7443943023681641,0.8400582075119019
03069500,0.856413722038269,0.8811019062995911,0.8618787527084351,0.8356661796569824,0.8792597055435181,0.8649734258651733,0.7978287935256958,0.9055899381637573
03070500,0.7553597688674927,0.8207549452781677,0.7665477991104126,0.7994499206542969,0.7929067015647888,0.6079007387161255,0.777176022529602,0.8418886661529541
03076600,0.659114420413971,0.7558737993240356,0.7410204410552979,0.6938710808753967,0.7289104461669922,0.7205287218093872,0.6738165020942688,0.7399262189865112
03078000,0.6930179595947266,0.8094024658203125,0.7606319189071655,0.7767338752746582,0.8140749335289001,0.7211905717849731,0.7532339096069336,0.7968153953552246
03140000,0.716353178024292,0.8139135241508484,0.7748775482177734,0.7888723611831665,0.8084743022918701,0.6976964473724365,0.788782000541687,0.7905023097991943
03144000,0.7944116592407227,0.7931994199752808,0.8176922798156738,0.8290922045707703,0.820904552936554,0.8167575597763062,0.8039660453796387,0.8537390828132629
03170000,0.7807048559188843,0.8031060695648193,0.762247622013092,0.8012109398841858,0.7979164719581604,0.8163406252861023,0.7606444358825684,0.7684799432754517
03173000,0.8569014072418213,0.8986494541168213,0.8436746597290039,0.8972843885421753,0.8790391683578491,0.860969603061676,0.8535668849945068,0.7811986804008484
03180500,0.7714549899101257,0.8133217692375183,0.7945098876953125,0.7780139446258545,0.7998604774475098,0.7250930070877075,0.742294430732727,0.7669190168380737
03182500,0.8496614098548889,0.8229673504829407,0.8473860025405884,0.8811142444610596,0.8304046988487244,0.8006719350814819,0.776124894618988,0.801191508769989
03186500,0.8208988904953003,0.8197078108787537,0.853272557258606,0.8396894931793213,0.8508808612823486,0.7564754486083984,0.7466350793838501,0.8213626742362976
03237280,0.5376778841018677,0.5875113010406494,0.595707893371582,0.6433311104774475,0.6105422377586365,0.4236280918121338,0.5675299167633057,0.5732448101043701
03237500,0.5689600706100464,0.6498799324035645,0.6800017356872559,0.5950958728790283,0.6821402907371521,0.4637466073036194,0.6351886987686157,0.6231018304824829
03238500,0.5689666271209717,0.6488903760910034,0.6547290086746216,0.6428186297416687,0.6020903587341309,0.45833122730255127,0.6215030550956726,0.5352801084518433
03241500,0.8141925930976868,0.8305140137672424,0.8691396713256836,0.9047495722770691,0.8200857639312744,0.8088076710700989,0.7921099662780762,0.8091776371002197
03280700,0.6381251811981201,0.7876878976821899,0.7451714277267456,0.7978916168212891,0.7048162221908569,0.5536623597145081,0.611594021320343,0.7247096300125122
03281500,0.7960020303726196,0.7342860102653503,0.800983190536499,0.8305058479309082,0.8104820251464844,0.821357250213623,0.762245237827301,0.8075767755508423
03285000,0.7393748760223389,0.6625827550888062,0.6970492601394653,0.6620644330978394,0.6931438446044922,0.7202730178833008,0.7439886927604675,0.6820158958435059
03291780,0.4976922273635864,0.7026734352111816,0.5251347422599792,0.5356484055519104,0.4870239496231079,0.40838611125946045,0.5119961500167847,0.615923285484314
03338780,0.466682493686676,0.5858914852142334,0.4533824324607849,0.4573306441307068,0.5115258693695068,0.43594127893447876,0.45321059226989746,0.49319231510162354
03340800,0.8511241674423218,0.7756187915802002,0.8385875225067139,0.8701001405715942,0.7949111461639404,0.8799095153808594,0.794192910194397,0.8718549609184265
03346000,0.7736235857009888,0.7919880747795105,0.7858612537384033,0.718826413154602,0.7704905271530151,0.719882607460022,0.7928886413574219,0.7817914485931396
03364500,0.6894973516464233,0.5856176614761353,0.6708918809890747,0.6624962091445923,0.6030850410461426,0.6442950963973999,0.6039013862609863,0.7391102313995361
03366500,0.5849171280860901,0.575742781162262,0.6380515694618225,0.6137995719909668,0.5381377339363098,0.46556735038757324,0.6188075542449951,0.6320423483848572
03368000,0.5800442695617676,0.7641563415527344,0.733853816986084,0.6843261122703552,0.7418720722198486,0.5301802158355713,0.7051384449005127,0.7572904825210571
03384450,0.6550084948539734,0.74330735206604,0.7269881963729858,0.6554338932037354,0.6148427724838257,0.6285594701766968,0.6427519917488098,0.763460636138916
03439000,0.6391028165817261,0.6714096069335938,0.6422693729400635,0.6794090270996094,0.6975110769271851,0.660161018371582,0.6554739475250244,0.664530873298645
03455500,0.3528079390525818,0.37029093503952026,0.22372305393218994,0.25688350200653076,0.27415764331817627,0.34631747007369995,0.40333861112594604,0.33010125160217285
03456500,0.5281498432159424,0.48901236057281494,0.4301060438156128,0.4753161668777466,0.5426421165466309,0.5328885316848755,0.5389963388442993,0.5230751037597656
03460000,0.6952513456344604,0.5293266773223877,0.5968468189239502,0.5910221934318542,0.6836937665939331,0.7593134045600891,0.7800897359848022,0.7452248930931091
03463300,0.49961137771606445,0.5669903755187988,0.5308334827423096,0.6867897510528564,0.5480490326881409,0.7350239157676697,0.457284152507782,0.6368395090103149
03471500,0.748714804649353,0.6184422373771667,0.47840577363967896,0.6675795316696167,0.7033475637435913,0.7197917699813843,0.750510036945343,0.796836793422699
03473000,0.8346444368362427,0.7239001393318176,0.6108867526054382,0.6763597130775452,0.7933749556541443,0.6539729833602905,0.7882151007652283,0.7667107582092285
03479000,0.5182754993438721,0.46497201919555664,0.3257881999015808,0.4518009424209595,0.5173551440238953,0.4558423161506653,0.4043288230895996,0.4900825619697571
03488000,0.78414386510849,0.5742820501327515,0.7965419292449951,0.7566701173782349,0.7772755026817322,0.8036144971847534,0.7886759638786316,0.8575316667556763
03498500,0.7900407314300537,0.7856196761131287,0.5814249515533447,0.8623208999633789,0.7742863297462463,0.7997262477874756,0.7139490246772766,0.8109043836593628
03500000,0.7643512487411499,0.7857328057289124,0.6470789909362793,0.7650049328804016,0.7917628288269043,0.7349487543106079,0.7257367372512817,0.7786946296691895
03500240,0.42247140407562256,0.4879322052001953,0.2835603952407837,0.36156725883483887,0.4064517021179199,0.5661413073539734,0.4673033356666565,0.688818633556366
03504000,0.6876270771026611,0.620735764503479,0.6125675439834595,0.557680606842041,0.6813095808029175,0.8012961149215698,0.5652469396591187,0.7418241500854492
03574500,0.6820377111434937,0.6057518720626831,-0.029536128044128418,0.6279880404472351,0.7078921794891357,0.6154965162277222,0.6811790466308594,0.604310929775238
03592718,0.4079815745353699,0.3984149694442749,0.5528523325920105,0.5144429206848145,0.49162834882736206,0.175834059715271,0.5436956882476807,0.5680075883865356
03604000,0.5521756410598755,0.7164673209190369,0.6566002368927002,0.8067222833633423,0.8355702757835388,0.8483766317367554,0.5463391542434692,0.7658326029777527
04015330,0.49913519620895386,0.6107405424118042,0.5827284455299377,0.6725598573684692,0.6642178297042847,0.6836637258529663,0.653313159942627,0.6979124546051025
04024430,0.5768107771873474,0.20447766780853271,0.4968664050102234,0.5941040515899658,0.7175332903862,0.37979745864868164,0.4377745985984802,0.5354479551315308
04027000,0.4802573323249817,0.47278016805648804,0.5625979900360107,0.31656646728515625,0.7166916131973267,0.8941975235939026,0.5788953900337219,0.7654039859771729
04040500,0.6411411762237549,0.811095654964447,0.8340787887573242,0.7124791145324707,0.8903000950813293,0.7425757646560669,0.6463984847068787,0.6994218826293945
04043050,0.839981734752655,0.8113114833831787,0.8652374148368835,0.8523675799369812,0.8197729587554932,0.7836741209030151,0.8541014194488525,0.8570775985717773
04045500,0.8664785623550415,0.8852465748786926,0.8201442360877991,0.9162360429763794,0.9079102277755737,0.7987698912620544,0.9080709218978882,0.9026992321014404
04057510,0.7958834171295166,0.7313975691795349,0.7744057774543762,0.8126544952392578,0.804734468460083,0.8111743330955505,0.7814478278160095,0.7067850828170776
04057800,0.4697325825691223,0.3690987825393677,0.4754381775856018,0.29225069284439087,0.6035364866256714,0.4964236617088318,0.3542376160621643,0.5599536895751953
04059500,0.7971900701522827,0.8174536228179932,0.845439612865448,0.8015726804733276,0.8938449621200562,0.7627107501029968,0.8818243741989136,0.8797899484634399
04063700,0.660003125667572,0.6507921814918518,0.41453689336776733,0.7166954278945923,0.7792854309082031,0.7035230398178101,0.7687277793884277,0.5655040144920349
04074950,0.5855498313903809,0.8131084442138672,0.7772788405418396,0.7919856905937195,0.833856463432312,0.8655859231948853,0.737919807434082,0.8576843738555908
04105700,-1.2391362190246582,0.6588152647018433,0.6253873705863953,-0.09235358238220215,0.43155014514923096,-0.1483691930770874,0.6242051124572754,0.5615155696868896
04115265,0.6940174102783203,0.6687920689582825,0.646461009979248,0.6955432891845703,0.7571471929550171,0.5859279632568359,0.6455463171005249,0.7067251205444336
04122200,0.7547274827957153,0.721213161945343,0.7264766693115234,0.6927777528762817,0.8046454191207886,0.7246391177177429,0.7038763761520386,0.7822145819664001
04122500,0.6670277118682861,0.6283499002456665,0.5697332620620728,0.6014161109924316,0.6887212991714478,0.7182803153991699,0.6625741720199585,0.6216217279434204
04127918,0.5744205713272095,0.37535560131073,0.4915729761123657,0.6836694478988647,0.6374521255493164,0.7069743871688843,0.5946786403656006,0.6210205554962158
04127997,0.7402738332748413,0.7904231548309326,0.7711741328239441,0.7725176811218262,0.8443280458450317,0.6907516717910767,0.7023347020149231,0.7505921721458435
04161580,0.7179673910140991,0.6882500648498535,0.6877495050430298,0.6900055408477783,0.7201782464981079,0.6679612398147583,0.6799548268318176,0.6618912220001221
04185000,0.6189557313919067,0.7483293414115906,0.6747560501098633,0.780791163444519,0.6400848627090454,0.7938076257705688,0.7011536359786987,0.7047268152236938
04196800,0.705675482749939,0.7622174024581909,0.3763846158981323,0.8248794078826904,0.637006402015686,0.6432246565818787,0.6655882596969604,0.479836642742157
04197100,0.6723978519439697,0.7146036028862,0.7009980082511902,0.7831566333770752,0.7093203663825989,0.7272399067878723,0.7127395868301392,0.6206482648849487
04197170,0.6843266487121582,0.7958283424377441,0.784810483455658,0.7421908378601074,0.7518967390060425,0.7803260684013367,0.7446824312210083,0.7758418917655945
04213000,0.5613603591918945,0.6897927522659302,0.6074281930923462,0.5869117975234985,0.6696449518203735,0.6400548219680786,0.6634353995323181,0.673874020576477
04213075,0.2702414393424988,0.4341832995414734,0.41741472482681274,0.5441257953643799,0.4220186471939087,0.44231849908828735,0.4199393391609192,0.48321330547332764
04216418,0.6546869874000549,0.7002778649330139,0.6097268462181091,0.7240837812423706,0.6548401117324829,0.6203666925430298,0.7102776765823364,0.7341687679290771
04221000,0.8305759429931641,0.8265372514724731,0.7620227336883545,0.8160673379898071,0.8341366648674011,0.8366395235061646,0.7869582176208496,0.839198112487793
04224775,0.7212710380554199,0.8025286197662354,0.6873920559883118,0.6766012907028198,0.7855150103569031,0.7717031240463257,0.7990309596061707,0.7655719518661499
04233000,0.7126897573471069,0.6887714862823486,0.7354106903076172,0.7185275554656982,0.7880814671516418,0.6983620524406433,0.7869866490364075,0.758405327796936
04256000,0.7379881143569946,0.8132138848304749,0.7653143405914307,0.7301551699638367,0.8313899040222168,0.7492256164550781,0.6712719202041626,0.7930869460105896
04296000,0.612615704536438,0.6928430199623108,0.7196105718612671,0.5875612497329712,0.7207859754562378,0.7118237018585205,0.68149733543396,0.7467607259750366
05057200,0.16081494092941284,0.4453626871109009,0.16661328077316284,0.5977442860603333,0.27455174922943115,0.4693848490715027,0.25494080781936646,0.4338703155517578
05120500,-51.63728332519531,-15.637840270996094,-22.073745727539062,-10.578588485717773,-34.913726806640625,-14.39306640625,-25.627164840698242,-29.34272003173828
05291000,0.14191442728042603,0.3602033853530884,0.2281978726387024,0.47259920835494995,0.297977089881897,0.3169482946395874,0.3321272134780884,0.29780906438827515
05362000,0.776023268699646,0.8393721580505371,0.8051513433456421,0.8164912462234497,0.8346855044364929,0.8155328631401062,0.9156453013420105,0.7805233597755432
05393500,0.8182098269462585,0.7629628777503967,0.841130256652832,0.8260934948921204,0.8696820735931396,0.7647318243980408,0.8713703155517578,0.7746344804763794
05399500,0.7396373748779297,0.7693643569946289,0.8367713093757629,0.7783817052841187,0.7501319050788879,0.7662765979766846,0.6382729411125183,0.7751325368881226
05408000,0.7500783801078796,0.8402730822563171,0.8141645789146423,0.7066988348960876,0.775517463684082,0.8947005271911621,0.6946153044700623,0.5790283679962158
05413500,0.6554465293884277,0.7888864278793335,0.7530831694602966,0.7355974316596985,0.6515395641326904,0.780116617679596,0.7334506511688232,0.726608157157898
05414000,0.42310649156570435,0.43987661600112915,0.44892847537994385,0.44922661781311035,0.45754289627075195,0.48157185316085815,0.4668560028076172,0.4617869257926941
05444000,0.5073568224906921,0.4988672137260437,0.33204424381256104,0.6022555828094482,0.5667681694030762,0.5147028565406799,0.4428192377090454,0.4839494824409485
05454000,0.4144492745399475,0.35650670528411865,0.45805293321609497,0.5002049803733826,0.3722120523452759,0.5842233300209045,0.3669700622558594,0.5845463871955872
05458000,0.6470739841461182,0.7290358543395996,0.704736053943634,0.6250853538513184,0.6809388995170593,0.5688790082931519,0.5732055902481079,0.6287819147109985
05466500,0.48828190565109253,0.44259244203567505,0.3256840705871582,0.5802021026611328,0.03542280197143555,0.5924547910690308,-0.0016124248504638672,0.604056179523468
05487980,0.6801197528839111,0.6859542727470398,0.6998043060302734,0.5849130749702454,0.7551893591880798,0.682077169418335,0.6514121890068054,0.6753653287887573
05488200,0.68366539478302,0.6351580619812012,0.6490479111671448,0.5992343425750732,0.6298351287841797,0.6613991260528564,0.552353024482727,0.660157322883606
05489000,0.6391143798828125,0.6071125864982605,0.5850224494934082,0.6061458587646484,0.6554876565933228,0.5971568822860718,0.5734695196151733,0.6481369137763977
05495000,0.5817848443984985,0.6603555083274841,0.7583580017089844,0.5918089747428894,0.6757848262786865,0.6652425527572632,0.5405169725418091,0.723716139793396
05495500,0.5655511617660522,0.6353740692138672,0.5065450668334961,0.7464601397514343,0.6229276657104492,0.614064633846283,0.4252586364746094,0.4346386194229126
05501000,0.7719525694847107,0.7545080184936523,0.7062610387802124,0.7027149200439453,0.7589419484138489,0.6149014234542847,0.7226342558860779,0.7515735626220703
05503800,0.7343329191207886,0.7326222658157349,0.7723559737205505,0.8342059850692749,0.8356509208679199,0.7702145576477051,0.8054444193840027,0.780522346496582
05507600,0.6759222745895386,0.8320783376693726,0.7768694162368774,0.7440844774246216,0.8307844400405884,0.8251599669456482,0.7065259218215942,0.8353862762451172
05508805,0.8312919735908508,0.8199308514595032,0.7986701726913452,0.7506396174430847,0.814169704914093,0.7762485146522522,0.7075296640396118,0.8902920484542847
05525500,0.8258326649665833,0.7877546548843384,0.8265364170074463,0.8486135601997375,0.7965690493583679,0.8466320633888245,0.7845865488052368,0.8627498149871826
05556500,0.6848530173301697,0.56309574842453,0.5500096082687378,0.6664858460426331,0.7674744129180908,0.6861952543258667,0.6642211675643921,0.7425611019134521
05584500,0.37125879526138306,0.3598517179489136,0.06343859434127808,0.3442295789718628,0.30652540922164917,0.5480533838272095,0.24735605716705322,0.511172890663147
05591550,0.6918566823005676,0.721359372138977,0.5890287160873413,0.6501114368438721,0.6967458724975586,0.6379863023757935,0.7345623970031738,0.7442992925643921
05592050,0.564268171787262,0.5557812452316284,0.6041642427444458,0.7491165399551392,0.5866135954856873,0.6718813180923462,0.5540928840637207,0.6325051784515381
05592575,0.5541187524795532,0.7104689478874207,0.6826748251914978,0.7191877961158752,0.6102632284164429,0.6981848478317261,0.6682277321815491,0.7792559266090393
05593575,0.8102124333381653,0.8330710530281067,0.8454571962356567,0.7912590503692627,0.8481804728507996,0.618401050567627,0.7069472074508667,0.6098493337631226
05593900,0.6869426369667053,0.6325920820236206,0.576357364654541,0.6240895390510559,0.729381799697876,0.5712749361991882,0.7355827689170837,0.7666225433349609
05595730,0.794478178024292,0.7850741147994995,0.8171384334564209,0.7018235921859741,0.8111236691474915,0.6953836679458618,0.6816067695617676,0.6896622180938721
06221400,0.8879125714302063,0.8986986875534058,0.852623701095581,0.910922110080719,0.9366595149040222,0.8798238635063171,0.8677480816841125,0.9186233878135681
06224000,0.8758604526519775,0.9002008438110352,0.7716799974441528,0.9304540753364563,0.9381799101829529,0.8798732757568359,0.9151753783226013,0.9206114411354065
06278300,0.6797531247138977,0.7020151615142822,0.5534052848815918,0.8296351432800293,0.7999445199966431,0.8292128443717957,0.7115663290023804,0.8095167875289917
06280300,0.8549028635025024,0.8391087651252747,0.6181190609931946,0.8009350299835205,0.8075321912765503,0.8253108263015747,0.891537070274353,0.800006628036499
06289000,0.5105475783348083,0.38317596912384033,0.24859988689422607,0.4545649290084839,0.5051060914993286,0.5241516828536987,0.4663298726081848,0.374261736869812
06291500,0.6109476089477539,0.4572392702102661,0.5248432755470276,0.6372292637825012,0.6040747165679932,0.6716386079788208,0.5317167043685913,0.7549723982810974
06311000,0.7739565372467041,0.5336812734603882,0.5752014517784119,0.649032711982727,0.682903528213501,0.537891685962677,0.7578470706939697,0.5839592218399048
06332515,0.17829149961471558,-0.2100238800048828,0.5063512325286865,-0.6956068277359009,0.5282844305038452,-0.09316158294677734,0.7780339121818542,-1.1194844245910645
06339100,0.648178219795227,0.6348702907562256,0.5806900262832642,0.24355387687683105,0.7294353246688843,0.8162001967430115,0.7005400657653809,0.5052658319473267
06344600,0.3752553462982178,-2.3105814456939697,0.47537219524383545,-1.445159912109375,-2.6171600818634033,-0.20419836044311523,0.3000108599662781,-0.023677706718444824
06350000,-0.5738192796707153,-0.2099391222000122,-0.5877293348312378,-0.3011298179626465,-0.5641708374023438,0.022889137268066406,0.08594077825546265,-0.36385810375213623
06352000,-0.08562242984771729,0.006643414497375488,-0.17657482624053955,0.28790104389190674,-0.050925493240356445,0.13091188669204712,0.09964460134506226,-0.019195199012756348
06404000,0.6800550222396851,0.5203157663345337,0.6478666067123413,0.6289519667625427,0.7594528794288635,0.7056593894958496,0.778310239315033,0.43621188402175903
06406000,-0.06435811519622803,0.11548197269439697,-0.052536845207214355,0.08400768041610718,0.03785979747772217,0.0001226663589477539,0.0693320631980896,0.045508384704589844
06409000,-9.42641830444336,-0.34820640087127686,-1.978600263595581,-5.222851276397705,-7.601114273071289,-12.63178539276123,-1.9931840896606445,-4.505600452423096
06431500,0.5588803887367249,0.6496068835258484,0.4365440011024475,0.561306893825531,0.46727514266967773,0.39517563581466675,0.3762044906616211,0.4392503499984741
06440200,-0.7355397939682007,0.6057685017585754,0.47602319717407227,0.5212464332580566,0.1699451208114624,0.09961384534835815,0.3282114863395691,0.7020399570465088
06447500,0.43497949838638306,0.4607391953468323,0.5791702270507812,-0.043439388275146484,0.03784364461898804,-0.4883594512939453,0.5942443609237671,0.5194816589355469
06470800,0.5092612504959106,0.6436378359794617,0.7814218997955322,0.8771698474884033,0.7043842673301697,0.6266424059867859,0.7137635946273804,0.8399705290794373
06477500,0.06395500898361206,0.47020113468170166,0.0654137134552002,0.16080528497695923,-0.33382439613342285,0.03274470567703247,-2.9455368518829346,0.4532274007797241
06479215,0.15866804122924805,0.401522696018219,0.40550410747528076,0.3567036986351013,0.09112787246704102,0.3415806293487549,0.32030266523361206,0.34071314334869385
06601000,0.23056960105895996,-0.15225183963775635,0.41077983379364014,0.44801825284957886,0.3232308030128479,0.31609880924224854,-0.30412352085113525,-0.15487241744995117
06614800,0.8153505325317383,0.8348214030265808,0.7571920156478882,0.7809665203094482,0.8111613392829895,0.8046820163726807,0.7046696543693542,0.8159907460212708
06622700,0.7901784777641296,0.81367427110672,0.6523548364639282,0.8095555305480957,0.7616398930549622,0.7878235578536987,0.7341068983078003,0.71089106798172
06623800,0.8957309126853943,0.8710843920707703,0.7462337017059326,0.8051924705505371,0.7984477877616882,0.8820139169692993,0.9185812473297119,0.9148633480072021
06632400,0.8205214142799377,0.8218787312507629,0.7346183657646179,0.7453402280807495,0.8133525848388672,0.529534637928009,0.6395136117935181,0.7365394234657288
06746095,0.7642306685447693,0.732559084892273,0.6672811508178711,0.747721791267395,0.6211276054382324,0.7894197106361389,0.6413842439651489,0.6881543397903442
06803510,0.7062868475914001,0.6285543441772461,0.6638391017913818,0.6072626113891602,0.7315559983253479,0.7038352489471436,0.6599231958389282,0.7243562936782837
06803530,0.7069039344787598,0.5923441648483276,0.6664125919342041,0.6075489521026611,0.7070081233978271,0.5564488172531128,0.6907995939254761,0.6838245391845703
06814000,0.6135444045066833,0.5419201850891113,0.610090434551239,0.6028825044631958,0.6427493095397949,0.761910617351532,0.5298905372619629,0.7305290699005127
06847900,-0.1999645233154297,-0.11607253551483154,-0.13487005233764648,-0.09961354732513428,-0.12881743907928467,0.13681578636169434,0.016139328479766846,0.10691940784454346
06853800,0.23531824350357056,0.16076087951660156,0.3149532675743103,0.25937241315841675,0.3499792814254761,0.28494733572006226,0.4129182696342468,0.1708417534828186
06876700,0.5960609912872314,0.25039541721343994,0.5299515724182129,0.3403744697570801,0.4926143288612366,0.32794803380966187,0.5567483901977539,0.35500025749206543
06878000,0.7694375514984131,0.6977846026420593,0.8563882112503052,0.670538067817688,0.7029153108596802,0.691220760345459,0.7337456941604614,0.7432286739349365
06879650,0.26809561252593994,0.11062854528427124,0.022870361804962158,0.6656202077865601,0.4849529266357422,0.5443058013916016,-0.07671582698822021,0.3846967816352844
06885500,0.7410718202590942,0.6680850982666016,0.6739590764045715,0.7489680647850037,0.7956728935241699,0.7493278980255127,0.6423031687736511,0.7918209433555603
06888500,0.7807416319847107,0.7644633054733276,0.6761282086372375,0.6822184324264526,0.7958201169967651,0.5772205591201782,0.6641604900360107,0.7054023146629333
06889200,0.6192501783370972,0.6296882629394531,0.753279983997345,0.5505554676055908,0.6972899436950684,0.5973079204559326,0.4994317293167114,0.7022069692611694
06889500,0.7346519827842712,0.6561305522918701,0.7666077613830566,0.583520770072937,0.7803526520729065,0.7665258646011353,0.8102962970733643,0.7391718626022339
06892000,0.7238333821296692,0.8316731452941895,0.4934769868850708,0.7773231863975525,0.8966308236122131,0.8516336679458618,0.7205195426940918,0.6949768662452698
06903400,0.5685762166976929,0.6586914658546448,0.4959784746170044,0.617794394493103,0.6399502158164978,0.6844295859336853,0.5539987087249756,0.6293190717697144
06906800,0.6223329305648804,0.773119330406189,0.7701237797737122,0.7482022643089294,0.7459787130355835,0.68578040599823,0.5625706911087036,0.7375805377960205
06910800,0.8644854426383972,0.810234785079956,0.8446899056434631,0.634197473526001,0.8299515843391418,0.7262377738952637,0.6607098579406738,0.8584063649177551
06911900,0.7499624490737915,0.7941724061965942,0.8385605812072754,0.5649350881576538,0.7018980383872986,0.8906069993972778,0.586677074432373,0.7608314752578735
06917000,0.6256722807884216,0.6771866083145142,0.7018322944641113,0.7144442200660706,0.5401239395141602,0.8148847818374634,0.6541973352432251,0.76842200756073
06918460,0.0673474669456482,0.2349805235862732,0.020168423652648926,0.41639530658721924,0.13496530055999756,0.009746789932250977,0.4398500919342041,-0.017249703407287598
06919500,0.7439507246017456,0.765251636505127,0.7948935031890869,0.7085045576095581,0.7781606316566467,0.7105449438095093,0.7778574824333191,0.7625524401664734
06921070,0.6088624000549316,0.6965034008026123,0.6413213014602661,0.6754000186920166,0.6392570734024048,0.5740312933921814,0.5543144941329956,0.6366405487060547
06921200,0.5896834135055542,0.660905122756958,0.6943925619125366,0.7257436513900757,0.655436098575592,0.5733762979507446,0.5798008441925049,0.7322535514831543
07057500,0.8463523387908936,0.8627921342849731,0.9126966595649719,0.8644342422485352,0.9101660847663879,0.7451679706573486,0.8551865220069885,0.8434106111526489
07060710,0.6395606994628906,0.68934166431427,0.6698973178863525,0.5056649446487427,0.755426287651062,0.5635193586349487,0.6158751249313354,0.6834555864334106
07066000,0.8569412231445312,0.7810612916946411,0.8372906446456909,0.7902584671974182,0.8725219368934631,0.8038076758384705,0.7483509182929993,0.8880201578140259
07083000,0.8971813321113586,0.8550853133201599,0.8257830142974854,0.884941577911377,0.8533409833908081,0.8715268969535828,0.8606486916542053,0.846681535243988
07142300,0.059446632862091064,0.3987928032875061,-0.8717663288116455,0.5339454412460327,-0.15183663368225098,0.29651939868927,-0.17048299312591553,0.07155168056488037
07145700,0.5780458450317383,0.8155983090400696,0.8239948749542236,0.7295901775360107,0.7700413465499878,0.7895652055740356,0.7053823471069336,0.6833415031433105
07167500,0.7121912240982056,0.7715707421302795,0.7755287885665894,0.7672799825668335,0.6634149551391602,0.556970477104187,0.5661225318908691,0.6204869747161865
07180500,0.7479716539382935,0.7311397790908813,0.6809704899787903,0.6456727981567383,0.5897627472877502,0.7205973863601685,0.4843735098838806,0.7565418481826782
07184000,0.6182630062103271,0.6572248339653015,0.6718077659606934,0.5884483456611633,0.580217719078064,0.6036360859870911,0.5593418478965759,0.7067569494247437
07195800,-0.3765665292739868,-0.007412314414978027,-0.3195716142654419,0.5231583118438721,-0.1395035982131958,0.13870948553085327,-0.07587885856628418,-0.3493748903274536
07196900,0.5364651679992676,0.5284602642059326,0.5907479524612427,0.647106409072876,0.5188730359077454,0.7414777874946594,0.4160849452018738,0.7255278825759888
07197000,0.6637961864471436,0.7439361810684204,0.8019899725914001,0.7750231623649597,0.8599210977554321,0.7573668360710144,0.6654608845710754,0.7469593286514282
07208500,0.44889533519744873,0.12762856483459473,-0.9803886413574219,0.4589443802833557,0.44990670680999756,-0.003278017044067383,0.5016036033630371,0.37143611907958984
07261000,0.8648163080215454,0.8735787868499756,0.886685311794281,0.858422577381134,0.9045333862304688,0.8736401796340942,0.7514086961746216,0.9197200536727905
07263295,0.44502055644989014,0.5255045890808105,0.645897626876831,0.6645971536636353,0.5507012009620667,0.5973854660987854,0.6011176109313965,0.7028201818466187
07291000,0.4975678324699402,0.43189215660095215,0.4281350374221802,0.19390809535980225,0.29272836446762085,0.42213761806488037,0.6732997894287109,0.4958036541938782
07299670,0.22860628366470337,0.20237857103347778,0.04003918170928955,-0.42637383937835693,0.3409860134124756,-1.5094208717346191,0.20849615335464478,0.19869452714920044
07301410,-0.06822526454925537,-0.0734720230102539,-0.07819223403930664,0.052901625633239746,-0.05153930187225342,0.08995825052261353,0.0008507966995239258,0.04408484697341919
07315200,0.49151456356048584,0.11011326313018799,0.375219464302063,0.5542982816696167,0.5440495610237122,0.5260938405990601,0.6034227609634399,0.4248078465461731
07315700,0.5660887360572815,0.6414531469345093,0.5447115898132324,0.6454952359199524,0.5934860706329346,0.5199840068817139,0.6635912656784058,0.526376485824585
07335700,0.5157763361930847,0.3497483730316162,0.6251028776168823,0.3809913992881775,0.6763743162155151,0.6530425548553467,0.5812102556228638,0.6840535402297974
07340300,0.6595280766487122,0.7771540880203247,0.745827317237854,0.8046605587005615,0.7328649759292603,0.6236222982406616,0.7871335744857788,0.806200385093689
07346045,0.7165263891220093,0.833145022392273,0.7444657683372498,0.831885576248169,0.7018640637397766,0.7850335836410522,0.7804489135742188,0.7004655599594116
07359610,0.59140944480896,0.6692730188369751,0.7947946786880493,0.6170199513435364,0.6683012247085571,0.775326132774353,0.6148545145988464,0.7860088348388672
07362100,0.40906643867492676,0.5691559314727783,0.17141497135162354,0.7100161910057068,0.7017829418182373,0.6248377561569214,-0.6651873588562012,0.18574804067611694
07362587,0.2635011672973633,0.2819535732269287,0.5400182604789734,0.4783065915107727,0.3733322024345398,0.33441001176834106,0.4743998646736145,0.4710337519645691
07375000,0.6001535654067993,0.36931777000427246,0.26874393224716187,0.447212815284729,0.6167564392089844,0.3249204158782959,0.5300313830375671,0.5830131769180298
08013000,0.8108724355697632,0.8263797760009766,0.7297803163528442,0.8006067872047424,0.7926640510559082,0.8157520890235901,0.7987762093544006,0.8462453484535217
08014500,0.6003028154373169,0.4772648811340332,0.14601314067840576,0.5149531364440918,0.5036319494247437,0.69105064868927,0.2662878632545471,0.45052915811538696
08023080,0.20776277780532837,0.603266716003418,0.36605221033096313,0.481830358505249,0.45338666439056396,0.6273379325866699,0.4408586025238037,0.6352478861808777
08050800,0.5766773223876953,0.7189593315124512,0.5716070532798767,0.6019067764282227,0.6149121522903442,0.3359759449958801,0.6454846858978271,0.3337610960006714
08066200,0.6544656753540039,0.6366612911224365,0.6624658107757568,0.5405913591384888,0.2887952923774719,0.42393743991851807,0.562437891960144,0.6494638919830322
08066300,0.37010806798934937,0.5867659449577332,0.5729442834854126,0.4154112935066223,0.6647393107414246,0.3701988458633423,0.5991353392601013,0.6472879648208618
08070000,0.4279567003250122,0.503363847732544,0.7109728455543518,0.3214595913887024,0.6898555755615234,0.21093755960464478,0.5819219350814819,0.6121953725814819
08070200,0.4864921569824219,0.4548967480659485,0.5497827529907227,0.43864619731903076,0.734809160232544,0.3888208866119385,0.5741230845451355,0.5991992950439453
08082700,0.10649770498275757,-0.03519487380981445,0.2506420612335205,0.3962291479110718,0.23799169063568115,0.3109649419784546,0.11915254592895508,0.2180594801902771
08086212,0.4779132008552551,0.5788319110870361,0.430977463722229,0.6069240570068359,0.6343209743499756,0.35876208543777466,0.6516375541687012,0.6062748432159424
08086290,0.5503779053688049,0.5809558629989624,0.5177440643310547,0.6013389229774475,0.6676211953163147,0.6940245628356934,0.5528961420059204,0.6532593965530396
08101000,0.6276432275772095,0.6211079955101013,0.5412462949752808,0.5381390452384949,0.8250863552093506,0.5209416747093201,0.5406335592269897,0.5676127672195435
08103900,0.6268190145492554,0.520918607711792,0.5064718723297119,0.5733984708786011,0.32412272691726685,0.30420804023742676,0.5797579288482666,0.42666614055633545
08104900,0.6345685124397278,0.4836687445640564,0.46783196926116943,0.4780898690223694,0.6985881328582764,0.3865031599998474,0.2978575825691223,0.40162724256515503
08109700,0.4653856158256531,0.4785340428352356,0.5291905403137207,0.4967503547668457,0.5312755107879639,0.6770955920219421,0.5160402655601501,0.41130733489990234
08150800,0.3487194776535034,-2.133044481277466,0.3184216022491455,-1.6141705513000488,-0.760022759437561,-0.9229055643081665,0.19613009691238403,-3.316408634185791
08158700,-0.07022500038146973,0.29870468378067017,0.4922642707824707,0.5434353351593018,0.37843799591064453,0.6845207810401917,0.46067774295806885,0.23157930374145508
08158810,-0.1484525203704834,0.3519025444984436,0.5660120248794556,0.4016503691673279,0.38899701833724976,0.5296694040298462,0.4519105553627014,0.3433266878128052
08164300,0.5098551511764526,0.469049870967865,0.4853125214576721,0.43256378173828125,0.4274444580078125,0.18678629398345947,0.5186902284622192,0.47557133436203003
08164600,0.39737623929977417,0.5629199147224426,0.4858541488647461,0.36917442083358765,0.5995997190475464,0.47554105520248413,0.47746580839157104,0.6370391845703125
08165300,-16.813249588012695,-14.739508628845215,-69.39871215820312,-8.875454902648926,-9.874490737915039,-14.973308563232422,-9.027507781982422,-20.5589599609375
08171300,0.5200144648551941,0.5120854377746582,0.41872143745422363,0.5687838792800903,0.7243507504463196,0.5020438432693481,0.6236039996147156,0.6525064706802368
08175000,0.46179699897766113,0.5493564605712891,0.36241352558135986,0.5421628952026367,0.2912169098854065,0.3358088731765747,0.32226747274398804,0.4359455704689026
08176900,-0.07402276992797852,0.267677366733551,0.2718660235404968,0.4715886116027832,0.06791990995407104,0.3636500835418701,0.29010945558547974,0.2705116271972656
08178880,-0.5380429029464722,-0.49182701110839844,-0.7152132987976074,-0.7877861261367798,-0.045557379722595215,0.20977038145065308,-1.3463630676269531,0.14640706777572632
08189500,0.5282226800918579,-0.07872200012207031,-0.03075230121612549,0.7124450206756592,0.22348475456237793,0.376806378364563,0.22129464149475098,0.7214372158050537
08190000,-1.5620646476745605,-0.140028715133667,-1.0101864337921143,-0.7067427635192871,0.06223231554031372,-0.09652984142303467,-0.4165380001068115,-0.10008859634399414
08190500,-0.9070461988449097,-1.1831557750701904,-0.8486189842224121,0.020703911781311035,-0.25644612312316895,0.1797007918357849,-1.7355287075042725,-0.022875666618347168
08194200,-1.4416224956512451,-0.7441939115524292,-0.9102592468261719,-1.847536563873291,-0.8555651903152466,-3.07260799407959,-0.5193499326705933,-0.8979132175445557
08195000,-0.7549227476119995,0.5854942798614502,-2.5147814750671387,-0.06908345222473145,0.4602357745170593,-0.354361891746521,-0.9316506385803223,0.09813958406448364
08196000,-0.004644036293029785,0.125821053981781,-0.8300513029098511,0.12667018175125122,0.16431355476379395,0.22276347875595093,-0.12188446521759033,0.146966814994812
08198500,-0.055153608322143555,0.22682303190231323,0.1182103157043457,0.39934712648391724,0.3764396905899048,0.2849574089050293,-0.06192779541015625,0.11813575029373169
08200000,0.5562486052513123,0.5820484161376953,0.5358669757843018,0.6426365375518799,0.47667455673217773,0.5100806355476379,0.31064820289611816,0.3217232823371887
08202700,0.329001247882843,0.4020903706550598,0.3222517967224121,0.5189443826675415,0.4337257146835327,0.34867846965789795,0.1696677803993225,0.10022294521331787
08267500,0.37439173460006714,0.28805869817733765,0.39726024866104126,0.06591105461120605,-0.0785524845123291,0.10947662591934204,0.11018294095993042,-0.002768397331237793
08269000,0.5388864874839783,0.29469436407089233,0.4224408268928528,0.22461766004562378,0.059969425201416016,0.3951503038406372,-0.01945817470550537,0.08385789394378662
08271000,0.7005304098129272,0.6054540276527405,0.7339213490486145,0.29887694120407104,0.29803967475891113,0.600119948387146,0.22722822427749634,0.263131320476532
08324000,-0.006193757057189941,0.11728942394256592,0.5326288938522339,0.58500075340271,0.6392296552658081,0.5739189386367798,0.5387582182884216,0.7086820602416992
08377900,0.8046386241912842,0.8716223239898682,0.8122725486755371,0.7973064184188843,0.6877751350402832,0.799179196357727,0.81070876121521,0.7407416701316833
08378500,0.7060483694076538,0.8712102770805359,0.7402738928794861,0.7011425495147705,0.6147938966751099,0.7731518745422363,0.7696883678436279,0.6879608631134033
08380500,0.3512280583381653,0.42478328943252563,0.3625672459602356,0.3416234850883484,0.27551358938217163,0.3139025568962097,0.10184645652770996,0.5871304273605347
09035800,0.6589332818984985,0.7579467296600342,0.8318607807159424,0.8169413805007935,0.7386994361877441,0.7730638980865479,0.8234975934028625,0.878205418586731
09035900,0.9282244443893433,0.9637419581413269,0.8752162456512451,0.9394711852073669,0.9226076602935791,0.9743213057518005,0.9083638191223145,0.9313517808914185
09047700,0.7741625308990479,0.8308079242706299,0.7692689299583435,0.926512598991394,0.7781222462654114,0.8926416039466858,0.8171987533569336,0.8877387046813965
09065500,0.8629106283187866,0.9402350187301636,0.7825602293014526,0.9404052495956421,0.8961701989173889,0.9582319259643555,0.8064942359924316,0.9617588520050049
09066000,0.9171888828277588,0.9256810545921326,0.9032659530639648,0.9571976065635681,0.8237257599830627,0.9674118757247925,0.8070248365402222,0.975513219833374
09066200,0.9120813608169556,0.9018588662147522,0.8975459337234497,0.8572165966033936,0.8873379230499268,0.8656293153762817,0.857832670211792,0.9170706272125244
09066300,0.845120370388031,0.8705005645751953,0.8403051495552063,0.8941401243209839,0.8122185468673706,0.9248127341270447,0.8471069931983948,0.9614297747612
09081600,0.8447070121765137,0.9150144457817078,0.9119753837585449,0.9432032704353333,0.9405338168144226,0.9614932537078857,0.8614031076431274,0.9378500580787659
09107000,0.9011090993881226,0.8787009119987488,0.7668272256851196,0.8396985530853271,0.8978043794631958,0.9176979064941406,0.8425546884536743,0.9038573503494263
09210500,0.7625995874404907,0.660275936126709,0.6334620714187622,0.7715886831283569,0.6458688378334045,0.7787758708000183,0.5057392120361328,0.7030227780342102
09223000,0.827917218208313,0.5919910073280334,0.8479932546615601,0.8251330852508545,0.7832254767417908,0.7680038213729858,0.7786473035812378,0.7353677749633789
09306242,-0.48730993270874023,-0.6830514669418335,-0.48151326179504395,-0.2978649139404297,-0.5478981733322144,0.4708528518676758,0.22046351432800293,0.12055093050003052
09312600,0.7235593795776367,0.6131200790405273,0.478331983089447,0.6688427925109863,0.4622182846069336,0.5016566514968872,0.7751142978668213,0.5094802379608154
09352900,0.6920948028564453,0.7580468058586121,0.6561375856399536,0.8476686477661133,0.7411118745803833,0.8899261355400085,0.7341262102127075,0.6463962197303772
09378170,-0.1312483549118042,-1.3683829307556152,0.16602802276611328,0.0861363410949707,0.6180635690689087,-0.479434609413147,0.4402610659599304,0.5443350076675415
09386900,-0.017464756965637207,0.13324600458145142,0.012134253978729248,-0.07890355587005615,-0.03274095058441162,0.0257871150970459,0.022135794162750244,0.07426673173904419
09404450,-1.364985466003418,0.17944031953811646,-0.5332329273223877,0.31984323263168335,0.6386289596557617,0.6953604817390442,0.03422558307647705,0.6537926197052002
09430600,0.0229913592338562,0.048841774463653564,0.03806614875793457,0.024158954620361328,0.08689570426940918,0.03266453742980957,0.047530412673950195,0.026838183403015137
09447800,-2.0586607456207275,-2.4447755813598633,-1.3126389980316162,-1.6131274700164795,-2.352571725845337,-0.5290617942810059,-0.26645660400390625,-0.465936541557312
09484600,-0.05392324924468994,0.11315524578094482,0.08709973096847534,-0.044951438903808594,0.22536182403564453,0.09265053272247314,0.11564725637435913,0.17585432529449463
09492400,0.3821102976799011,0.45079851150512695,0.4335569143295288,0.41289466619491577,0.5357941389083862,0.5650495290756226,0.5050982236862183,0.49100589752197266
09494000,0.24938184022903442,0.39780402183532715,0.15921300649642944,0.32611924409866333,0.34653782844543457,0.37403935194015503,0.501200795173645,0.3660459518432617
09497980,0.5309498310089111,0.6580513119697571,-0.07377457618713379,0.7591885924339294,-0.6432349681854248,0.4013522267341614,0.5504974126815796,0.5814504623413086
09505350,0.1018446683883667,0.2928963899612427,0.06870967149734497,0.21530336141586304,0.1843680739402771,0.12039649486541748,0.2821394205093384,0.05823415517807007
09505800,0.22324305772781372,0.2770271301269531,-0.44020378589630127,0.1509343385696411,-0.04928851127624512,0.4872596263885498,0.6222785711288452,-1.5622553825378418
09508300,0.2505232095718384,0.2647191882133484,0.21989041566848755,0.11905652284622192,0.3720594644546509,0.36980360746383667,0.13525545597076416,0.3360259532928467
09510200,0.21080589294433594,0.5847175717353821,0.41970884799957275,0.405842125415802,0.5423295497894287,0.43463945388793945,0.3026841878890991,0.625901460647583
09512280,0.2223985195159912,0.18803787231445312,0.20731788873672485,0.18729615211486816,0.41793084144592285,0.22234207391738892,0.18873095512390137,0.3474462628364563
09513780,0.13557958602905273,0.03638213872909546,-0.17360329627990723,0.1775091290473938,0.21566450595855713,0.05584806203842163,0.15463441610336304,0.2154374122619629
10234500,0.46017056703567505,0.34917187690734863,0.6127719879150391,0.6801527142524719,0.6411563158035278,0.7810282111167908,0.39212459325790405,0.6427581906318665
10244950,-1.726799488067627,-1.676408052444458,-1.2363090515136719,-1.060642957687378,-1.1068100929260254,-0.6907963752746582,-0.6798187494277954,-1.25834059715271
10259000,0.4586792588233948,0.539223313331604,0.2787478566169739,0.35243117809295654,0.5472828149795532,0.43577462434768677,0.31482791900634766,0.45053237676620483
10336645,0.7601773738861084,0.8392044305801392,0.865382194519043,0.7710069417953491,0.8293918371200562,0.7543522715568542,0.8185072541236877,0.819571316242218
10336660,0.8659445643424988,0.940747082233429,0.9553824067115784,0.8995170593261719,0.9042801856994629,0.920830249786377,0.9067000150680542,0.8734030723571777
10343500,0.5359181761741638,-1.1624343395233154,-0.6314111948013306,-0.45842134952545166,0.15434592962265015,0.4576835632324219,0.20596575736999512,0.5742167234420776
11124500,0.7167690992355347,0.7576109766960144,0.7556471228599548,0.826440155506134,0.7165067195892334,0.778769850730896,0.6739716529846191,0.7579368352890015
11141280,-3.1082382202148438,0.10397851467132568,-1.57405686378479,-1.6984257698059082,0.6155310869216919,0.6884876489639282,-4.3961920738220215,0.13748711347579956
11143000,0.27314531803131104,0.570374608039856,0.3185368776321411,0.40341031551361084,0.5706979036331177,0.8170230984687805,-0.28950583934783936,0.5955871343612671
11148900,0.46469640731811523,0.49149811267852783,0.5703949928283691,0.6212007403373718,0.5574826002120972,0.5675641298294067,0.3656587600708008,0.5419628024101257
11151300,-18.756656646728516,0.42368555068969727,-0.17073535919189453,0.10358405113220215,-0.8425662517547607,0.39657026529312134,-1.639145851135254,0.42746400833129883
11176400,0.43209898471832275,0.42269283533096313,0.5049151182174683,0.5979882478713989,0.418617844581604,0.4756225347518921,0.7057546377182007,0.6312061548233032
11230500,0.6782131195068359,0.5449442863464355,0.6688407063484192,-0.08357417583465576,0.7319729924201965,0.38296616077423096,0.44432175159454346,0.6594278216362
11237500,0.7475382089614868,0.7941544651985168,0.6876106858253479,0.8243842124938965,0.6426832675933838,0.9168732166290283,0.7478550672531128,0.5624704360961914
11264500,0.8959746956825256,0.7783699035644531,0.9178851842880249,0.757744550704956,0.9331566095352173,0.883795440196991,0.9096615314483643,0.958466112613678
11266500,0.9046713709831238,0.78941810131073,0.9103882908821106,0.7981524467468262,0.9279103875160217,0.9228191375732422,0.9475232362747192,0.9236501455307007
11284400,0.285335898399353,0.3518863320350647,0.5131192803382874,0.4290872812271118,0.32851308584213257,-0.08150696754455566,0.5397031307220459,0.21819210052490234
11381500,0.3530791401863098,0.7177286744117737,0.6188198328018188,0.7163984775543213,0.4450591206550598,0.5183786153793335,0.5507552623748779,0.6517232656478882
11451100,0.6966261863708496,0.726730227470398,0.6957395076751709,0.6288291811943054,0.7262932062149048,0.7513303756713867,0.6687836050987244,0.6905854940414429
11468500,0.7927649021148682,0.8805050849914551,0.8283805847167969,0.8472985625267029,0.8603394031524658,0.8833608031272888,0.8797257542610168,0.8814550638198853
11473900,0.7506534457206726,0.8216480612754822,0.7462208867073059,0.8296114206314087,0.7853548526763916,0.6295339465141296,0.6519489288330078,0.7970675826072693
11475560,0.6888505220413208,0.5920787453651428,0.559441089630127,0.6832997798919678,0.7736138105392456,0.7526131868362427,0.7068414092063904,0.7728934288024902
11476600,0.8056343793869019,0.8478231430053711,0.8596996665000916,0.8368604183197021,0.8682330250740051,0.7304258346557617,0.7111749053001404,0.6899927854537964
11478500,0.6962513327598572,0.739383339881897,0.6952794194221497,0.6214092969894409,0.7062538862228394,0.5237984657287598,0.6872217655181885,0.49467235803604126
11480390,0.49378979206085205,0.6008553504943848,0.6151374578475952,0.5900261402130127,0.6425908803939819,0.5352100133895874,0.5624643564224243,0.5092523097991943
11481200,0.8101481199264526,0.8354095816612244,0.8346596956253052,0.7883924245834351,0.8346728086471558,0.7620384693145752,0.7930848598480225,0.7699159383773804
11482500,0.8406409025192261,0.828762412071228,0.8478474617004395,0.8168270587921143,0.8835514187812805,0.8402014374732971,0.7922031283378601,0.7446881532669067
11522500,0.5714465379714966,0.8056336641311646,0.7685312628746033,0.8288626670837402,0.6782602071762085,0.6621298789978027,0.83273845911026,0.7443230748176575
11523200,0.6654576063156128,0.7763860821723938,0.7196619510650635,0.701115608215332,0.6654602289199829,0.5231302976608276,0.7783651947975159,0.7189291715621948
11528700,0.7046843767166138,0.7493643760681152,0.7603522539138794,0.6546645760536194,0.6840460300445557,0.4783827066421509,0.605614185333252,0.4854736924171448
11532500,0.8492950201034546,0.8547086119651794,0.8629255890846252,0.8287371397018433,0.8979744911193848,0.9009700417518616,0.871435284614563,0.8895054459571838
12010000,0.865250825881958,0.853502631187439,0.8691449165344238,0.8687943816184998,0.8844965696334839,0.8344365954399109,0.8574626445770264,0.8345034122467041
12013500,0.8244156837463379,0.8244763612747192,0.8344173431396484,0.8188533782958984,0.8477606773376465,0.7727225422859192,0.8045820593833923,0.8498632311820984
12020000,0.2751479148864746,0.355627179145813,0.34299230575561523,0.32700008153915405,0.30563896894454956,0.36374127864837646,0.2910866141319275,0.2947043776512146
12025700,0.8516830205917358,0.8668819665908813,0.8949660658836365,0.8543158769607544,0.8745750188827515,0.8259990215301514,0.8455992937088013,0.8536146879196167
12035000,0.8659493923187256,0.8579082489013672,0.8278205394744873,0.8726989030838013,0.8454174995422363,0.8041965365409851,0.8258886933326721,0.821927011013031
12040500,0.7788336873054504,0.7899508476257324,0.7835831642150879,0.703911304473877,0.7478903532028198,0.6846214532852173,0.7378479242324829,0.7522621154785156
12041200,0.7974271178245544,0.7716705799102783,0.7738516330718994,0.6226131319999695,0.7825919389724731,0.6572142839431763,0.7208797931671143,0.7709554433822632
12048000,0.7293826341629028,0.7018464803695679,0.709740400314331,0.6799580454826355,0.6559125185012817,0.5155310034751892,0.6707611680030823,0.6051303148269653
12054000,0.6967746019363403,0.7325770854949951,0.7386233806610107,0.6346677541732788,0.7032419443130493,0.5526076555252075,0.6597992181777954,0.7321916818618774
12056500,0.6764838099479675,0.7549141645431519,0.6904700994491577,0.560352087020874,0.6856212615966797,0.6280435919761658,0.5450149774551392,0.6923823952674866
12073500,0.7940818071365356,0.8292673826217651,0.8305507898330688,0.7262755036354065,0.7909383177757263,0.6402758359909058,0.6202991008758545,0.7481783032417297
12082500,0.7532835006713867,0.7394050359725952,0.7825976610183716,0.6912922263145447,0.7732548117637634,0.757962167263031,0.6927778124809265,0.7587670087814331
12092000,0.7082511186599731,0.7163066864013672,0.7370571494102478,0.7130862474441528,0.7460535764694214,0.6312810182571411,0.7384088039398193,0.731123685836792
12114500,0.5776740312576294,0.5479758977890015,0.5265936851501465,0.6492040753364563,0.5790075659751892,0.312610924243927,0.7440344095230103,0.41501176357269287
12115000,0.6642230153083801,0.6494296789169312,0.6815446019172668,0.6539075374603271,0.5926327705383301,0.5693045854568481,0.767840564250946,0.572192907333374
12117000,0.7424463629722595,0.8405109643936157,0.6941720843315125,0.7699164748191833,0.7479873895645142,0.7955090403556824,0.8077248334884644,0.7660739421844482
12143600,0.7511305809020996,0.7602188587188721,0.7621914148330688,0.6530783176422119,0.7406463027000427,0.6864632368087769,0.6834481954574585,0.7330007553100586
12144000,0.7567893266677856,0.7474738359451294,0.7773841619491577,0.6886335015296936,0.7391807436943054,0.732947051525116,0.7241703867912292,0.7599331736564636
12145500,0.8595761060714722,0.9186578989028931,0.8846604228019714,0.9042377471923828,0.8773888945579529,0.8625777363777161,0.862475574016571,0.8998421430587769
12147500,0.7105690240859985,0.7842445969581604,0.771145224571228,0.7581028342247009,0.7702376246452332,0.6627994179725647,0.7216085195541382,0.7428382635116577
12167000,0.6386560797691345,0.6806000471115112,0.686834454536438,0.6295445561408997,0.6191201210021973,0.4333121180534363,0.5423587560653687,0.5965424180030823
12175500,0.8391002416610718,0.7896161079406738,0.8214966654777527,0.7364846467971802,0.7452601194381714,0.83079594373703,0.7961140871047974,0.8464146256446838
12178100,0.8081835508346558,0.7839239835739136,0.7682417631149292,0.7922469973564148,0.7300307750701904,0.7803400754928589,0.7303391098976135,0.816253662109375
12186000,0.7681910991668701,0.7432012557983398,0.7167516946792603,0.7172226905822754,0.772495687007904,0.5718506574630737,0.6545087099075317,0.7097728848457336
12189500,0.7379798293113708,0.7022240161895752,0.6626511812210083,0.682100772857666,0.7011004686355591,0.672866940498352,0.6467148065567017,0.7273341417312622
12375900,0.788785457611084,0.763735294342041,0.6941825151443481,0.8295503258705139,0.7474499940872192,0.7397406697273254,0.7570458054542542,0.6974117755889893
12377150,0.9025884866714478,0.9110223650932312,0.900678813457489,0.9225717186927795,0.8867617845535278,0.8543635010719299,0.8811970949172974,0.8680851459503174
12381400,0.8115944862365723,0.8458638787269592,0.7870901823043823,0.8131575584411621,0.8075605034828186,0.7889738082885742,0.7209489345550537,0.7861496806144714
12383500,0.8226647973060608,0.8419239521026611,0.924245297908783,0.8572201728820801,0.9004793763160706,0.8919744491577148,0.7106465101242065,0.7439655065536499
12390700,0.5795148611068726,0.6818138360977173,0.5652896165847778,0.7555673122406006,0.8269634246826172,0.860867977142334,0.7542776465415955,0.8620514869689941
12411000,0.5208655595779419,0.5029274225234985,0.5656929016113281,0.7141319513320923,0.6084421873092651,0.6549330949783325,0.6002451181411743,0.710634708404541
12447390,0.871418297290802,0.8696961402893066,0.6563178300857544,0.6456003189086914,0.5107853412628174,0.7622758150100708,0.7133020758628845,0.38531702756881714
12451000,0.8658512234687805,0.8699204921722412,0.8922238945960999,0.9049063324928284,0.8876585960388184,0.871631383895874,0.8807652592658997,0.888449490070343
12488500,0.648311972618103,0.6848026514053345,0.7060334086418152,0.7757479548454285,0.6796241998672485,0.717003583908081,0.6940301656723022,0.5271329879760742
13011500,0.8721088767051697,0.8016146421432495,0.786995530128479,0.867627739906311,0.847993791103363,0.8708007335662842,0.8871291279792786,0.8394867777824402
13011900,0.7445858120918274,0.7635989785194397,0.701042890548706,0.793519914150238,0.7394229769706726,0.8218777179718018,0.8646227121353149,0.8117899298667908
13018300,0.5015161633491516,0.44891130924224854,0.4830947518348694,0.5048831701278687,0.44229602813720703,0.4113891124725342,0.47241538763046265,0.3903812766075134
13023000,0.8322387933731079,0.8329944014549255,0.894951343536377,0.8857972621917725,0.8835476636886597,0.8449557423591614,0.8158918619155884,0.9071142673492432
13161500,0.8111965656280518,0.8703851699829102,0.8763896822929382,0.6988523006439209,0.9077862501144409,0.769099235534668,0.8730067014694214,0.8603180646896362
13235000,0.7186050415039062,0.7828711271286011,0.8344038724899292,0.7344670295715332,0.7262553572654724,0.676218569278717,0.7629860043525696,0.6723787784576416
13240000,0.8427281975746155,0.9126907587051392,0.9018675088882446,0.8851862549781799,0.8954063653945923,0.8942707180976868,0.833460807800293,0.8681850433349609
13313000,0.8613854050636292,0.8084179759025574,0.8739660382270813,0.8741363286972046,0.8705734014511108,0.8811017870903015,0.9365894198417664,0.8227114081382751
13331500,0.8022500276565552,0.7415429353713989,0.7261124849319458,0.7754418849945068,0.8933635950088501,0.7669802904129028,0.7590187788009644,0.7575154900550842
14020000,0.36803877353668213,0.31810033321380615,0.397061288356781,0.5983638763427734,0.250793993473053,0.7195768356323242,0.4031907320022583,0.47041863203048706
14096850,0.6538546085357666,-0.4370516538619995,0.4555475115776062,0.12298572063446045,-0.8305195569992065,0.6065819263458252,0.1257595419883728,0.233578622341156
14137000,0.5842578411102295,0.6932724714279175,0.6534501314163208,0.7105146646499634,0.6739851236343384,0.7535428404808044,0.675217866897583,0.7122300267219543
14138800,0.697647213935852,0.6812530755996704,0.6820883750915527,0.6635075807571411,0.6257061958312988,0.6262555122375488,0.6382940411567688,0.6745008230209351
14138870,0.6853609085083008,0.7579857110977173,0.7596338391304016,0.780899167060852,0.7050632238388062,0.7308040857315063,0.7571049928665161,0.7742986083030701
14138900,0.6315668821334839,0.7256741523742676,0.7094592452049255,0.7119033336639404,0.7024614810943604,0.6596750020980835,0.6733127236366272,0.6926589012145996
14139800,0.7267954349517822,0.7955299615859985,0.7845145463943481,0.7650024890899658,0.7684886455535889,0.7764474153518677,0.7289217710494995,0.7570052742958069
14141500,0.6527878046035767,0.7552176117897034,0.7556185722351074,0.7711482048034668,0.7517739534378052,0.7376651763916016,0.7318949699401855,0.7407249808311462
14154500,0.795896589756012,0.8007648587226868,0.8268269300460815,0.6664136648178101,0.821997344493866,0.7393456697463989,0.7692958116531372,0.803571343421936
14158790,0.5209463834762573,0.6360191106796265,0.595002293586731,0.6178363561630249,0.6551601886749268,0.5671258568763733,0.5104624629020691,0.5809465646743774
14166500,0.8658844828605652,0.9114471077919006,0.9131181240081787,0.8972162008285522,0.8917536735534668,0.8507577776908875,0.9067308306694031,0.8995685577392578
14182500,0.7295210957527161,0.6487978100776672,0.6728123426437378,0.7634322643280029,0.6911086440086365,0.7407599091529846,0.6680140495300293,0.7070931196212769
14185000,0.7737317085266113,0.8109375238418579,0.8290687799453735,0.7925167679786682,0.8352536559104919,0.7667989730834961,0.8102408051490784,0.7654677629470825
14185900,0.7451340556144714,0.76642906665802,0.7645014524459839,0.7692691683769226,0.8132539987564087,0.7449455857276917,0.7813534736633301,0.787577748298645
14187000,0.8046743869781494,0.8573077917098999,0.8684074878692627,0.843890905380249,0.8873165845870972,0.784767210483551,0.8650071620941162,0.8188887238502502
14216500,0.545028567314148,0.540115237236023,0.6081092357635498,0.7101439237594604,0.6332820653915405,0.5134806632995605,0.6245627403259277,0.5658223628997803
14222500,0.8056753873825073,0.8636270761489868,0.8468164205551147,0.8699538707733154,0.8175041675567627,0.8402850031852722,0.7768197059631348,0.8736869096755981
14236200,0.81186842918396,0.8227537870407104,0.8074009418487549,0.8360658884048462,0.830031156539917,0.80739426612854,0.7584872841835022,0.863986074924469
14301000,0.881925106048584,0.8816279768943787,0.8852256536483765,0.8954220414161682,0.9084141254425049,0.8921516537666321,0.896196186542511,0.9128382802009583
14303200,0.8237069249153137,0.7450796365737915,0.7676441073417664,0.774554967880249,0.7889060974121094,0.7486333250999451,0.7354608774185181,0.7499051094055176
14305500,0.7932624816894531,0.758854866027832,0.774239718914032,0.8349595069885254,0.8658285737037659,0.834426760673523,0.832822322845459,0.8692293167114258
14306340,0.7348736524581909,0.7782595157623291,0.7662150263786316,0.7802257537841797,0.8147164583206177,0.7393288612365723,0.810901403427124,0.7892794013023376
14306500,0.8181735873222351,0.859992504119873,0.8694407939910889,0.8626786470413208,0.8889210820198059,0.8633501529693604,0.8514059782028198,0.8791656494140625
14308990,0.8353183269500732,0.8209646940231323,0.8067579865455627,0.7585694789886475,0.8114321827888489,0.8330492973327637,0.7677608132362366,0.8793973922729492
14309500,0.7438992261886597,0.7212262153625488,0.7294967174530029,0.7279528379440308,0.7756838202476501,0.6670565605163574,0.7056654095649719,0.6673586368560791
14316700,0.7565038204193115,0.7729389667510986,0.8150302171707153,0.612238883972168,0.7152484655380249,0.644175112247467,0.671033501625061,0.749809741973877
14325000,0.6386954188346863,0.7100551128387451,0.6818442344665527,0.6657531261444092,0.67720627784729,0.47172051668167114,0.763367235660553,0.6551574468612671
14362250,-0.1593458652496338,0.23564016819000244,-0.18911540508270264,0.4744987487792969,0.38045036792755127,0.31770652532577515,0.40803104639053345,0.5717191696166992
14400000,0.880544900894165,0.8335003852844238,0.8619382381439209,0.8318239450454712,0.8650162816047668,0.8418390154838562,0.8274722695350647,0.8341610431671143
=== C. GPU UTIL DETAIL ===
-- logs/33_transformer_recipe_repair/utilisation-222800.csv
timestamp,gpu_util_percent,mem_used_mib,mem_total_mib
2026/09/05 21:24:55.767, 100, 18431, 24576
2026/09/05 21:26:00.418, 100, 18431, 24576
2026/09/06 11:46:02.193, 0, 0, 24576
2026/09/06 11:47:04.379, 0, 0, 24576
   n=862 gpu_util mean=5.8% max= 100 mem mean=1240 MiB
-- logs/33_transformer_recipe_repair/utilisation-222801.csv
timestamp,gpu_util_percent,mem_used_mib,mem_total_mib
2026/09/05 21:29:21.228, 64, 16225, 24576
2026/09/05 21:30:21.275, 66, 16225, 24576
2026/09/06 08:45:56.885, 67, 16229, 24576
2026/09/06 08:46:56.931, 67, 16229, 24576
   n=678 gpu_util mean=63.4% max= 70 mem mean=16227 MiB
DONE
### ---------- end ----------
### exit_code=0
### finished=2026-09-06T12:14:32+0800
