### channel=id33-transformer-recipe-repair seq=20
### host=login4
### started=2026-09-05T03:12:14+0800
### ---------- output ----------
=== STAMP ===
2026-09-05T03:12:14+0800
=== A. C1/C2 MANIFEST ===
--- C1
manifest=results/33_transformer_recipe_repair/_invocations/id33_C1_slurm220658/run_manifest.json
      "status": "PASS",
    "status": "PASS",
      "status": "PASS",
    "status": "PASS",
    "status": "PASS",
  "seed": 100,
  "status": "COMPLETE",
  "training_return_code": 0
status COMPLETE
trc 0
data_access PASS
src_keys <class 'NoneType'>
--- C2
manifest=results/33_transformer_recipe_repair/_invocations/id33_C2_slurm220659/run_manifest.json
      "status": "PASS",
    "status": "PASS",
      "status": "PASS",
    "status": "PASS",
    "status": "PASS",
  "seed": 200,
  "status": "COMPLETE",
  "training_return_code": 0
status COMPLETE
trc 0
data_access PASS
src_keys <class 'NoneType'>
=== B. C1/C2 CONFIG DIFF VS T5 ===
--- C1 cfg=
--- C2 cfg=
--- T5 cfg=
=== C. PER-EPOCH MEDIANS ===
--- C1
2026-09-04 16:32:13,378: Epoch 1 average validation loss: 0.04654 -- Median validation metrics: avg_loss: 0.04654, NSE: 0.51472
2026-09-04 16:49:25,731: Epoch 2 average validation loss: 0.03768 -- Median validation metrics: avg_loss: 0.03768, NSE: 0.55094
2026-09-04 17:06:33,287: Epoch 3 average validation loss: 0.03621 -- Median validation metrics: avg_loss: 0.03621, NSE: 0.60434
2026-09-04 17:23:38,326: Epoch 4 average validation loss: 0.03377 -- Median validation metrics: avg_loss: 0.03377, NSE: 0.60003
2026-09-04 17:40:42,101: Epoch 5 average validation loss: 0.04255 -- Median validation metrics: avg_loss: 0.04255, NSE: 0.60137
2026-09-04 17:57:51,339: Epoch 6 average validation loss: 0.03119 -- Median validation metrics: avg_loss: 0.03119, NSE: 0.60897
2026-09-04 18:14:59,041: Epoch 7 average validation loss: 0.02985 -- Median validation metrics: avg_loss: 0.02985, NSE: 0.62181
2026-09-04 18:32:09,978: Epoch 8 average validation loss: 0.02932 -- Median validation metrics: avg_loss: 0.02932, NSE: 0.62795
2026-09-04 18:49:21,295: Epoch 9 average validation loss: 0.03026 -- Median validation metrics: avg_loss: 0.03026, NSE: 0.62094
2026-09-04 19:06:24,266: Epoch 10 average validation loss: 0.03254 -- Median validation metrics: avg_loss: 0.03254, NSE: 0.60900
2026-09-04 19:23:35,883: Epoch 11 average validation loss: 0.02831 -- Median validation metrics: avg_loss: 0.02831, NSE: 0.65856
2026-09-04 19:40:46,623: Epoch 12 average validation loss: 0.02901 -- Median validation metrics: avg_loss: 0.02901, NSE: 0.65385
2026-09-04 19:57:48,940: Epoch 13 average validation loss: 0.02738 -- Median validation metrics: avg_loss: 0.02738, NSE: 0.66374
2026-09-04 20:14:56,402: Epoch 14 average validation loss: 0.02829 -- Median validation metrics: avg_loss: 0.02829, NSE: 0.65798
2026-09-04 20:32:00,929: Epoch 15 average validation loss: 0.03279 -- Median validation metrics: avg_loss: 0.03279, NSE: 0.64852
2026-09-04 20:49:09,943: Epoch 16 average validation loss: 0.02980 -- Median validation metrics: avg_loss: 0.02980, NSE: 0.66090
2026-09-04 21:06:14,717: Epoch 17 average validation loss: 0.03018 -- Median validation metrics: avg_loss: 0.03018, NSE: 0.66293
2026-09-04 21:23:26,612: Epoch 18 average validation loss: 0.03140 -- Median validation metrics: avg_loss: 0.03140, NSE: 0.64470
2026-09-04 21:40:33,388: Epoch 19 average validation loss: 0.02806 -- Median validation metrics: avg_loss: 0.02806, NSE: 0.66732
2026-09-04 21:57:35,433: Epoch 20 average validation loss: 0.02901 -- Median validation metrics: avg_loss: 0.02901, NSE: 0.65866
2026-09-04 22:14:44,165: Epoch 21 average validation loss: 0.02825 -- Median validation metrics: avg_loss: 0.02825, NSE: 0.67092
2026-09-04 22:31:49,110: Epoch 22 average validation loss: 0.02918 -- Median validation metrics: avg_loss: 0.02918, NSE: 0.65855
2026-09-04 22:49:03,631: Epoch 23 average validation loss: 0.02871 -- Median validation metrics: avg_loss: 0.02871, NSE: 0.68037
2026-09-04 23:06:08,122: Epoch 24 average validation loss: 0.03163 -- Median validation metrics: avg_loss: 0.03163, NSE: 0.65017
2026-09-04 23:23:19,743: Epoch 25 average validation loss: 0.02951 -- Median validation metrics: avg_loss: 0.02951, NSE: 0.66174
2026-09-04 23:40:29,210: Epoch 26 average validation loss: 0.02846 -- Median validation metrics: avg_loss: 0.02846, NSE: 0.67635
2026-09-04 23:57:48,096: Epoch 27 average validation loss: 0.02949 -- Median validation metrics: avg_loss: 0.02949, NSE: 0.66353
2026-09-05 00:14:59,541: Epoch 28 average validation loss: 0.02868 -- Median validation metrics: avg_loss: 0.02868, NSE: 0.67031
2026-09-05 00:31:59,079: Epoch 29 average validation loss: 0.03118 -- Median validation metrics: avg_loss: 0.03118, NSE: 0.66126
2026-09-05 00:48:56,582: Epoch 30 average validation loss: 0.03134 -- Median validation metrics: avg_loss: 0.03134, NSE: 0.66929
--- C2
2026-09-04 16:32:20,873: Epoch 1 average validation loss: 0.04177 -- Median validation metrics: avg_loss: 0.04177, NSE: 0.55989
2026-09-04 16:49:31,550: Epoch 2 average validation loss: 0.03558 -- Median validation metrics: avg_loss: 0.03558, NSE: 0.57912
2026-09-04 17:06:36,923: Epoch 3 average validation loss: 0.03285 -- Median validation metrics: avg_loss: 0.03285, NSE: 0.59559
2026-09-04 17:23:47,281: Epoch 4 average validation loss: 0.03046 -- Median validation metrics: avg_loss: 0.03046, NSE: 0.61360
2026-09-04 17:40:50,992: Epoch 5 average validation loss: 0.03674 -- Median validation metrics: avg_loss: 0.03674, NSE: 0.60510
2026-09-04 17:58:01,936: Epoch 6 average validation loss: 0.03630 -- Median validation metrics: avg_loss: 0.03630, NSE: 0.60351
2026-09-04 18:15:09,251: Epoch 7 average validation loss: 0.03310 -- Median validation metrics: avg_loss: 0.03310, NSE: 0.60716
2026-09-04 18:32:15,575: Epoch 8 average validation loss: 0.03734 -- Median validation metrics: avg_loss: 0.03734, NSE: 0.62408
2026-09-04 18:49:22,462: Epoch 9 average validation loss: 0.03110 -- Median validation metrics: avg_loss: 0.03110, NSE: 0.64032
2026-09-04 19:06:29,217: Epoch 10 average validation loss: 0.02844 -- Median validation metrics: avg_loss: 0.02844, NSE: 0.64577
2026-09-04 19:23:38,803: Epoch 11 average validation loss: 0.03216 -- Median validation metrics: avg_loss: 0.03216, NSE: 0.64638
2026-09-04 19:40:49,450: Epoch 12 average validation loss: 0.02774 -- Median validation metrics: avg_loss: 0.02774, NSE: 0.66859
2026-09-04 19:57:57,228: Epoch 13 average validation loss: 0.03235 -- Median validation metrics: avg_loss: 0.03235, NSE: 0.65198
2026-09-04 20:15:05,600: Epoch 14 average validation loss: 0.03115 -- Median validation metrics: avg_loss: 0.03115, NSE: 0.64462
2026-09-04 20:32:04,756: Epoch 15 average validation loss: 0.02977 -- Median validation metrics: avg_loss: 0.02977, NSE: 0.66673
2026-09-04 20:49:15,961: Epoch 16 average validation loss: 0.03418 -- Median validation metrics: avg_loss: 0.03418, NSE: 0.63677
2026-09-04 21:06:18,326: Epoch 17 average validation loss: 0.03049 -- Median validation metrics: avg_loss: 0.03049, NSE: 0.65205
2026-09-04 21:23:30,483: Epoch 18 average validation loss: 0.03334 -- Median validation metrics: avg_loss: 0.03334, NSE: 0.66139
2026-09-04 21:40:34,534: Epoch 19 average validation loss: 0.03126 -- Median validation metrics: avg_loss: 0.03126, NSE: 0.66767
2026-09-04 21:57:41,038: Epoch 20 average validation loss: 0.03118 -- Median validation metrics: avg_loss: 0.03118, NSE: 0.65708
2026-09-04 22:14:51,658: Epoch 21 average validation loss: 0.02992 -- Median validation metrics: avg_loss: 0.02992, NSE: 0.66703
2026-09-04 22:31:52,852: Epoch 22 average validation loss: 0.03197 -- Median validation metrics: avg_loss: 0.03197, NSE: 0.65883
2026-09-04 22:48:54,115: Epoch 23 average validation loss: 0.03104 -- Median validation metrics: avg_loss: 0.03104, NSE: 0.65844
2026-09-04 23:06:00,262: Epoch 24 average validation loss: 0.02977 -- Median validation metrics: avg_loss: 0.02977, NSE: 0.66808
2026-09-04 23:23:03,730: Epoch 25 average validation loss: 0.02987 -- Median validation metrics: avg_loss: 0.02987, NSE: 0.67033
2026-09-04 23:40:03,004: Epoch 26 average validation loss: 0.03288 -- Median validation metrics: avg_loss: 0.03288, NSE: 0.65480
2026-09-04 23:57:13,028: Epoch 27 average validation loss: 0.02867 -- Median validation metrics: avg_loss: 0.02867, NSE: 0.66518
2026-09-05 00:14:20,871: Epoch 28 average validation loss: 0.03313 -- Median validation metrics: avg_loss: 0.03313, NSE: 0.65350
2026-09-05 00:31:26,850: Epoch 29 average validation loss: 0.02736 -- Median validation metrics: avg_loss: 0.02736, NSE: 0.67085
2026-09-05 00:48:31,885: Epoch 30 average validation loss: 0.02890 -- Median validation metrics: avg_loss: 0.02890, NSE: 0.67285
=== D. EPOCH30 PER-BASIN ===
### BEGIN C1 results/33_transformer_recipe_repair/C1/transformer_recipe_repair_C1_2026_0904_1612_ep30/validation/model_epoch030/validation_metrics.csv
531
01022500 0.8072537779808044
01031500 0.7623251676559448
01047000 0.7561585903167725
01052500 0.7773356437683105
01054200 0.602428138256073
01055000 0.5354764461517334
01057000 0.7587539553642273
01073000 0.7985248565673828
01078000 0.809005856513977
01123000 0.792401909828186
01134500 0.7796944975852966
01137500 0.7750157713890076
01139000 0.7217782735824585
01139800 0.6967998743057251
01142500 0.6794102191925049
01144000 0.7920296788215637
01162500 0.6361134052276611
01169000 0.6501794457435608
01170100 0.7125930786132812
01181000 0.7203773856163025
01187300 0.8179646134376526
01195100 0.7153844237327576
01333000 0.5090240240097046
01350000 0.7142601013183594
01350080 0.4710114598274231
01350140 0.5486733913421631
01365000 0.7923027873039246
01411300 0.5131293535232544
01413500 0.1594158411026001
01414500 0.653836190700531
01415000 0.5828904509544373
01423000 0.6795520782470703
01434025 0.5309333801269531
01435000 0.7651618719100952
01439500 0.5961126685142517
01440000 0.7930882573127747
01440400 0.6970774531364441
01451800 0.708250880241394
01466500 0.7436549663543701
01484100 0.7899483442306519
01487000 0.7846207618713379
01491000 0.7309117317199707
01510000 0.6734093427658081
01516500 0.6265381574630737
01518862 0.6723058819770813
01532000 0.7623671293258667
01539000 0.8511760234832764
01542810 0.7541021108627319
01543000 0.8314639925956726
01543500 0.8458963632583618
01544500 0.8449074029922485
01545600 0.7969948053359985
01547700 0.7900058031082153
01548500 0.8719422817230225
01549500 0.7863457798957825
01550000 0.8203954696655273
01552000 0.781180739402771
01552500 0.6808303594589233
01557500 0.8739981651306152
01567500 0.6883668899536133
01568000 0.8720986247062683
01580000 0.5329027771949768
01583500 0.5231385231018066
01586610 0.5301851034164429
01591400 -0.6433510780334473
01594950 0.7663847208023071
01596500 0.758261501789093
01605500 0.6914334297180176
01606500 0.7117278575897217
01632000 0.5145013928413391
01632900 0.3322765827178955
01634500 0.649492621421814
01638480 0.827629566192627
01639500 0.6059974431991577
01644000 0.8001910448074341
01664000 0.8543053865432739
01666500 0.534019947052002
01667500 0.7481635808944702
01669000 0.7398176193237305
01669520 0.7153340578079224
02011400 0.8499974012374878
02013000 0.8020722270011902
02014000 0.8752512335777283
02015700 0.6910971403121948
02016000 0.7708515524864197
02017500 0.7335673570632935
02018000 0.7950804829597473
02027000 0.6598587036132812
02027500 0.7319424152374268
02028500 0.6880992650985718
02038850 0.6583747863769531
02046000 0.7036518454551697
02051500 0.8132870197296143
02053200 0.6937546730041504
02053800 0.7488677501678467
02055100 0.6491165161132812
02056900 0.7087602019309998
02059500 0.6386172771453857
02064000 0.6418939828872681
02065500 0.15838712453842163
02069700 0.4298560619354248
02070000 0.6392935514450073
02074500 0.5058853626251221
02077200 0.7612349987030029
02081500 0.7018628120422363
02082950 0.6998987793922424
02092500 0.8554455637931824
02096846 0.3492891192436218
02102908 0.8070530891418457
02108000 0.8924700021743774
02111180 0.5313620567321777
02111500 0.5055052042007446
02112120 0.3731464743614197
02112360 0.41581130027770996
02118500 0.5079560875892639
02125000 0.8336089253425598
02128000 0.6143395304679871
02137727 0.6465659141540527
02140991 0.62758868932724
02143000 0.6383988857269287
02143040 0.5053853988647461
02149000 0.7214706540107727
02152100 0.6058556437492371
02177000 0.5443919897079468
02178400 0.7245643138885498
02193340 0.8377296328544617
02196000 0.8833941221237183
02198100 0.5931286215782166
02202600 0.7773857712745667
02212600 0.8642476797103882
02215100 0.7882013320922852
02216180 0.5178253650665283
02221525 0.4561156630516052
02231000 0.935060977935791
02245500 0.020731687545776367
02246000 0.7484573125839233
02296500 0.18469661474227905
02297155 -12.528874397277832
02297310 -1.8588087558746338
02298123 0.5312235355377197
02298608 0.39612674713134766
02299950 0.4197169542312622
02300700 0.08296549320220947
02342933 0.3644358515739441
02349900 0.5171996355056763
02350900 0.8566619157791138
02361000 0.7513172626495361
02363000 0.7725610733032227
02369800 -0.3406555652618408
02371500 0.6485668420791626
02372250 0.36499738693237305
02374500 0.3456692099571228
02381600 0.1263643503189087
02384540 0.6152652502059937
02395120 -0.06421327590942383
02415000 0.6372759342193604
02427250 0.5307998061180115
02430085 0.645207405090332
02450250 0.4668750762939453
02464000 0.7608286142349243
02464360 0.6525989770889282
02465493 -1.7638568878173828
02469800 0.7856544256210327
02472000 0.7753674983978271
02472500 0.5849219560623169
02479155 0.5598828792572021
02479300 0.46285438537597656
02479560 0.6701937913894653
02481000 0.5790018439292908
02481510 0.5745192170143127
03010655 0.8230727910995483
03011800 0.7276972532272339
03015500 0.7946858406066895
03021350 0.6882634162902832
03026500 0.7961280345916748
03028000 0.795541524887085
03049000 0.7903757095336914
03049800 0.6204459071159363
03050000 0.8055347800254822
03069500 0.8361777067184448
03070500 0.7442317008972168
03076600 0.7033520936965942
03078000 0.7669467926025391
03140000 0.7955063581466675
03144000 0.8179202675819397
03170000 0.7173101305961609
03173000 0.8668385148048401
03180500 0.8143761157989502
03182500 0.8510689735412598
03186500 0.7931591868400574
03237280 0.5232358574867249
03237500 0.6277037858963013
03238500 0.6555483937263489
03241500 0.7467917203903198
03280700 0.7406607866287231
03281500 0.7996188998222351
03285000 0.5720564126968384
03291780 0.5560190677642822
03338780 0.45981699228286743
03340800 0.8493311405181885
03346000 0.688872218132019
03364500 0.6695141792297363
03366500 0.5479573607444763
03368000 0.782707691192627
03384450 0.6975427865982056
03439000 0.6552976369857788
03455500 0.18890273571014404
03456500 0.36487776041030884
03460000 0.5706655979156494
03463300 0.5463094711303711
03471500 0.741539478302002
03473000 0.6899929046630859
03479000 0.1614093780517578
03488000 0.7225916981697083
03498500 0.6027345657348633
03500000 0.7529541254043579
03500240 0.27396559715270996
03504000 0.537636399269104
03574500 0.6721037030220032
03592718 0.054335832595825195
03604000 0.5488110780715942
04015330 0.5509742498397827
04024430 0.10904514789581299
04027000 0.3941196799278259
04040500 0.5867842435836792
04043050 0.7909870147705078
04045500 0.8685852885246277
04057510 0.7073318958282471
04057800 0.018106043338775635
04059500 0.7910250425338745
04063700 0.6218599081039429
04074950 0.7302616834640503
04105700 -0.0069686174392700195
04115265 0.680205225944519
04122200 0.7655596733093262
04122500 0.7265897989273071
04127918 0.6937706470489502
04127997 0.7855883836746216
04161580 0.6769437193870544
04185000 0.620535135269165
04196800 0.655139684677124
04197100 0.44825756549835205
04197170 0.7262328863143921
04213000 0.5322586297988892
04213075 0.5044141411781311
04216418 0.7216746807098389
04221000 0.8113948702812195
04224775 0.7406523823738098
04233000 0.7647731900215149
04256000 0.6879898905754089
04296000 0.6667118072509766
05057200 0.1798284649848938
05120500 -38.06250762939453
05291000 0.27197426557540894
05362000 0.8444428443908691
05393500 0.7414237260818481
05399500 0.8099555969238281
05408000 0.49464964866638184
05413500 0.5653660297393799
05414000 0.2863186001777649
05444000 0.24353891611099243
05454000 0.2817342281341553
05458000 0.4882281422615051
05466500 0.2972426414489746
05487980 0.6559129357337952
05488200 0.6449552774429321
05489000 0.5641870498657227
05495000 0.6969714760780334
05495500 0.6050994396209717
05501000 0.7741994857788086
05503800 0.8256604671478271
05507600 0.7566362023353577
05508805 0.839091956615448
05525500 0.7463503479957581
05556500 0.6243373155593872
05584500 0.24087709188461304
05591550 0.7007694244384766
05592050 0.503720760345459
05592575 0.7189189195632935
05593575 0.7688619494438171
05593900 0.7138053178787231
05595730 0.7657070159912109
06221400 0.8511689305305481
06224000 0.8924846649169922
06278300 0.6109048128128052
06280300 0.7621326446533203
06289000 0.4679375886917114
06291500 0.546975314617157
06311000 0.6291617155075073
06332515 -0.9193103313446045
06339100 0.5869284868240356
06344600 -0.516048789024353
06350000 -1.2048215866088867
06352000 -0.041562676429748535
06404000 0.8621100187301636
06406000 0.13713467121124268
06409000 -2.3525826930999756
06431500 0.5439896583557129
06440200 0.4060576558113098
06447500 -0.19112777709960938
06470800 0.6358557343482971
06477500 -1.3117525577545166
06479215 -0.37646448612213135
06601000 0.17061614990234375
06614800 0.7478983402252197
06622700 0.6295430064201355
06623800 0.8653551340103149
06632400 0.7546695470809937
06746095 0.6425561904907227
06803510 0.6902936697006226
06803530 0.7209704518318176
06814000 0.6876586675643921
06847900 -0.3482743501663208
06853800 0.37095320224761963
06876700 0.4694812297821045
06878000 0.737479567527771
06879650 0.647894561290741
06885500 0.7646623849868774
06888500 0.7562841773033142
06889200 0.6529178619384766
06889500 0.7043472528457642
06892000 0.811424970626831
06903400 0.4190288186073303
06906800 0.6716458797454834
06910800 0.790625810623169
06911900 0.69985431432724
06917000 0.6303460597991943
06918460 0.27165907621383667
06919500 0.7199925184249878
06921070 0.6559638381004333
06921200 0.6809568405151367
07057500 0.8534877300262451
07060710 0.640539288520813
07066000 0.8318760991096497
07083000 0.8804700970649719
07142300 -0.574103593826294
07145700 0.7299438714981079
07167500 0.5871912837028503
07180500 0.5729588270187378
07184000 0.6143162250518799
07195800 -0.33288609981536865
07196900 0.49321073293685913
07197000 0.7206121683120728
07208500 0.3723064064979553
07261000 0.8434652090072632
07263295 0.5171777606010437
07291000 0.669291079044342
07299670 0.043959617614746094
07301410 -0.16542565822601318
07315200 0.46773308515548706
07315700 0.6168761849403381
07335700 0.5754536390304565
07340300 0.7258844375610352
07346045 -0.07951998710632324
07359610 0.5041255950927734
07362100 0.4981619119644165
07362587 0.37301766872406006
07375000 0.4734193682670593
08013000 0.8400510549545288
08014500 0.3059917092323303
08023080 0.4954144358634949
08050800 0.6176086664199829
08066200 0.3429185152053833
08066300 0.43097496032714844
08070000 0.48897963762283325
08070200 0.515992283821106
08082700 0.25119972229003906
08086212 0.032788991928100586
08086290 0.0033237338066101074
08101000 0.654996395111084
08103900 0.6025962233543396
08104900 0.6393934488296509
08109700 0.5973619222640991
08150800 -1.1638343334197998
08158700 0.6145628690719604
08158810 0.5366051197052002
08164300 0.5263630151748657
08164600 0.42137908935546875
08165300 -20.793458938598633
08171300 0.5710563063621521
08175000 0.28645914793014526
08176900 -0.2614659070968628
08178880 -1.9424967765808105
08189500 -3.22927188873291
08190000 -1.279712438583374
08190500 0.036179959774017334
08194200 -0.8354697227478027
08195000 -1.4542486667633057
08196000 0.11699795722961426
08198500 -0.08192610740661621
08200000 0.37923210859298706
08202700 0.567038893699646
08267500 0.45099711418151855
08269000 0.4417789578437805
08271000 0.6904715299606323
08324000 0.6592942476272583
08377900 0.8452979922294617
08378500 0.8478510975837708
08380500 0.3262242078781128
09035800 0.8086440563201904
09035900 0.9381113052368164
09047700 0.7973188757896423
09065500 0.8919317722320557
09066000 0.8268994688987732
09066200 0.8682183623313904
09066300 0.8265060186386108
09081600 0.9228069186210632
09107000 0.8570408821105957
09210500 0.7200990915298462
09223000 0.7491227984428406
09306242 -1.3715226650238037
09312600 0.5162966847419739
09352900 0.6768923997879028
09378170 -0.4834054708480835
09386900 -0.1334017515182495
09404450 -0.5317100286483765
09430600 0.022678613662719727
09447800 -9.001359939575195
09484600 -0.15407490730285645
09492400 0.4066586494445801
09494000 0.35327035188674927
09497980 0.31378448009490967
09505350 0.3073257803916931
09505800 0.5274522304534912
09508300 0.13060027360916138
09510200 0.18873757123947144
09512280 0.27463340759277344
09513780 0.028458595275878906
10234500 0.4296543002128601
10244950 -0.8561935424804688
10259000 0.5192055702209473
10336645 0.7293781042098999
10336660 0.9023474454879761
10343500 -0.14369142055511475
11124500 0.8252072334289551
11141280 -2.5583784580230713
11143000 -0.47966134548187256
11148900 0.3964076638221741
11151300 -0.20669221878051758
11176400 0.5970699191093445
11230500 0.6419436931610107
11237500 0.7373678088188171
11264500 0.8864969611167908
11266500 0.9327386021614075
11284400 0.3485930562019348
11381500 0.6527612209320068
11451100 0.6371868252754211
11468500 0.7696382999420166
11473900 0.6776937246322632
11475560 0.703190803527832
11476600 0.7740277051925659
11478500 0.6244707107543945
11480390 0.4427955150604248
11481200 0.7687311768531799
11482500 0.7910814881324768
11522500 0.6457571387290955
11523200 0.7801368832588196
11528700 0.5781079530715942
11532500 0.8875337839126587
12010000 0.8479037880897522
12013500 0.7639874219894409
12020000 0.31536662578582764
12025700 0.8444560170173645
12035000 0.8423992991447449
12040500 0.7824847102165222
12041200 0.7383586168289185
12048000 0.6606251001358032
12054000 0.7659987211227417
12056500 0.6131025552749634
12073500 0.4537992477416992
12082500 0.6657824516296387
12092000 0.7500652074813843
12114500 0.6255544424057007
12115000 0.6002895832061768
12117000 0.6279676556587219
12143600 0.6612163782119751
12144000 0.656322717666626
12145500 0.8493486642837524
12147500 0.7127273082733154
12167000 0.6531331539154053
12175500 0.7921304106712341
12178100 0.7955824732780457
12186000 0.7428600788116455
12189500 0.7372564077377319
12375900 0.7775335907936096
12377150 0.8612672090530396
12381400 0.7723686099052429
12383500 0.7793769836425781
12390700 0.8177874088287354
12411000 0.6057795286178589
12447390 0.4052393436431885
12451000 0.8847127556800842
12488500 0.7629693746566772
13011500 0.9101325273513794
13011900 0.8214754462242126
13018300 0.5264531373977661
13023000 0.8880728483200073
13161500 0.8547837734222412
13235000 0.8194286227226257
13240000 0.8071696758270264
13313000 0.9124672412872314
13331500 0.822165846824646
14020000 0.424920916557312
14096850 -0.4219391345977783
14137000 0.6837067008018494
14138800 0.7354714870452881
14138870 0.7343724966049194
14138900 0.6994591951370239
14139800 0.7550897002220154
14141500 0.7147607207298279
14154500 0.8245043754577637
14158790 0.6802850961685181
14166500 0.8537002205848694
14182500 0.7757179737091064
14185000 0.8406482338905334
14185900 0.8062338829040527
14187000 0.8329650163650513
14216500 0.5669687986373901
14222500 0.6424524784088135
14236200 0.7681901454925537
14301000 0.8658835291862488
14303200 0.7467172741889954
14305500 0.7834572792053223
14306340 0.813156247138977
14306500 0.8513971567153931
14308990 0.6639452576637268
14309500 0.7356581687927246
14316700 0.7810132503509521
14325000 0.6253432631492615
14362250 -0.18549621105194092
14400000 0.8268564343452454
### END C1
### BEGIN C2 results/33_transformer_recipe_repair/C2/transformer_recipe_repair_C2_2026_0904_1612_ep30/validation/model_epoch030/validation_metrics.csv
531
01022500 0.8033074140548706
01031500 0.7834614515304565
01047000 0.8053954243659973
01052500 0.8049849271774292
01054200 0.6179012060165405
01055000 0.6943903565406799
01057000 0.7470606565475464
01073000 0.68906569480896
01078000 0.789012610912323
01123000 0.7858182191848755
01134500 0.8003195524215698
01137500 0.7758346796035767
01139000 0.8047375082969666
01139800 0.8153250217437744
01142500 0.6883481740951538
01144000 0.7321049571037292
01162500 0.6583447456359863
01169000 0.6341507434844971
01170100 0.5696874260902405
01181000 0.6205918788909912
01187300 0.6910645961761475
01195100 0.6492096781730652
01333000 0.36606472730636597
01350000 0.7263169288635254
01350080 0.6062138080596924
01350140 0.629853367805481
01365000 0.7762095928192139
01411300 0.6933811902999878
01413500 0.5656996965408325
01414500 0.6260762214660645
01415000 0.5592350363731384
01423000 0.611356258392334
01434025 0.6240806579589844
01435000 0.7503766417503357
01439500 0.6222603917121887
01440000 0.8592102527618408
01440400 0.6696338653564453
01451800 0.7573205828666687
01466500 0.674096941947937
01484100 0.6773521900177002
01487000 0.8229699730873108
01491000 0.8157787322998047
01510000 0.7305945158004761
01516500 0.6168023347854614
01518862 0.717598557472229
01532000 0.7094221115112305
01539000 0.7906068563461304
01542810 0.7835280895233154
01543000 0.8401250243186951
01543500 0.8664262294769287
01544500 0.8565957546234131
01545600 0.8103475570678711
01547700 0.6141694784164429
01548500 0.8210626840591431
01549500 0.7329189777374268
01550000 0.7499698400497437
01552000 0.7668799161911011
01552500 0.6851551532745361
01557500 0.7725381255149841
01567500 0.7905853390693665
01568000 0.8217394351959229
01580000 0.6507221460342407
01583500 0.4835781455039978
01586610 0.4076386094093323
01591400 0.12817645072937012
01594950 0.7153122425079346
01596500 0.72530597448349
01605500 0.6860100030899048
01606500 0.7664999961853027
01632000 0.4569336175918579
01632900 0.5590981245040894
01634500 0.5073617100715637
01638480 0.5947154760360718
01639500 0.6640580892562866
01644000 0.8118070363998413
01664000 0.7964460849761963
01666500 0.24235928058624268
01667500 0.32428431510925293
01669000 0.7088668346405029
01669520 0.7235853672027588
02011400 0.8002335429191589
02013000 0.6978051066398621
02014000 0.798473060131073
02015700 0.661278486251831
02016000 0.7571670413017273
02017500 0.6683336496353149
02018000 0.7562552690505981
02027000 0.7192816138267517
02027500 0.670803964138031
02028500 0.7707178592681885
02038850 0.6857022047042847
02046000 0.6981794834136963
02051500 0.7714821100234985
02053200 0.6978027820587158
02053800 0.7740031480789185
02055100 0.6870479583740234
02056900 0.7545855641365051
02059500 0.6252219676971436
02064000 0.7721096873283386
02065500 0.25451982021331787
02069700 0.41804373264312744
02070000 0.6220047473907471
02074500 0.55059814453125
02077200 0.7595833539962769
02081500 0.6844138503074646
02082950 0.7140651345252991
02092500 0.8591006398200989
02096846 0.2616271376609802
02102908 0.7597721219062805
02108000 0.8596334457397461
02111180 0.5423604846000671
02111500 0.41302210092544556
02112120 0.21171993017196655
02112360 0.6043748259544373
02118500 0.5534760355949402
02125000 0.8363327980041504
02128000 0.6929273009300232
02137727 0.772274374961853
02140991 0.36286669969558716
02143000 0.6927594542503357
02143040 0.5596486926078796
02149000 0.6773207187652588
02152100 0.6246325969696045
02177000 0.5002920627593994
02178400 0.7537561655044556
02193340 0.5424231886863708
02196000 0.3158586621284485
02198100 0.6560297012329102
02202600 0.8558017611503601
02212600 0.5710628628730774
02215100 0.806983232498169
02216180 0.659110426902771
02221525 0.3862549066543579
02231000 0.8802173137664795
02245500 0.7141907215118408
02246000 0.8813885450363159
02296500 0.8508306741714478
02297155 -5.793443202972412
02297310 -0.8183645009994507
02298123 0.7066893577575684
02298608 0.5249992609024048
02299950 0.4499415159225464
02300700 0.15696167945861816
02342933 0.44468265771865845
02349900 0.49644190073013306
02350900 0.8250525593757629
02361000 0.5197011232376099
02363000 0.8019781112670898
02369800 0.4592008590698242
02371500 0.39292120933532715
02372250 0.13917970657348633
02374500 0.12433916330337524
02381600 0.19556546211242676
02384540 0.6479625701904297
02395120 -0.6944031715393066
02415000 0.6672787666320801
02427250 0.6555945873260498
02430085 0.734612226486206
02450250 0.39719676971435547
02464000 0.7542739510536194
02464360 0.6798362731933594
02465493 -0.8932543992996216
02469800 0.7838525176048279
02472000 0.8520122766494751
02472500 0.5465517044067383
02479155 0.6795177459716797
02479300 0.808754026889801
02479560 0.6808682084083557
02481000 0.49953532218933105
02481510 0.6767174005508423
03010655 0.8717576265335083
03011800 0.814965546131134
03015500 0.798067569732666
03021350 0.748900830745697
03026500 0.8445231318473816
03028000 0.82875657081604
03049000 0.7728514671325684
03049800 0.61653733253479
03050000 0.8082651495933533
03069500 0.7919518947601318
03070500 0.7429597973823547
03076600 0.6664063930511475
03078000 0.7119309902191162
03140000 0.8063899278640747
03144000 0.823689341545105
03170000 0.7363428473472595
03173000 0.8621216416358948
03180500 0.7660995721817017
03182500 0.7101870775222778
03186500 0.8125295042991638
03237280 0.5741396546363831
03237500 0.6386075019836426
03238500 0.6546862721443176
03241500 0.8296987414360046
03280700 0.6562539339065552
03281500 0.7885650396347046
03285000 0.6859880685806274
03291780 0.5599303841590881
03338780 0.5248503684997559
03340800 0.8231146931648254
03346000 0.7840604782104492
03364500 0.5615857839584351
03366500 0.5444719195365906
03368000 0.697935163974762
03384450 0.696465790271759
03439000 0.6285370588302612
03455500 0.03375345468521118
03456500 0.4024461507797241
03460000 0.6877894401550293
03463300 0.5619986057281494
03471500 0.6907244920730591
03473000 0.823759138584137
03479000 0.388062059879303
03488000 0.7689597606658936
03498500 0.7776976227760315
03500000 0.7484164237976074
03500240 0.21693432331085205
03504000 0.35210126638412476
03574500 0.6459758281707764
03592718 -0.07608246803283691
03604000 0.7637204527854919
04015330 0.5376981496810913
04024430 0.18145352602005005
04027000 0.3051418662071228
04040500 0.5079091787338257
04043050 0.7381606101989746
04045500 0.4668697118759155
04057510 0.39703667163848877
04057800 -0.12655985355377197
04059500 0.6113557815551758
04063700 0.7038202285766602
04074950 0.7797814607620239
04105700 -1.3946113586425781
04115265 0.6500256061553955
04122200 0.7737945318222046
04122500 0.6229077577590942
04127918 0.13425391912460327
04127997 0.7137813568115234
04161580 0.7377768754959106
04185000 0.5547863841056824
04196800 0.5208248496055603
04197100 0.5139351487159729
04197170 0.7864512801170349
04213000 0.5827252268791199
04213075 0.27675944566726685
04216418 0.6962882280349731
04221000 0.8233160972595215
04224775 0.7899709939956665
04233000 0.784827470779419
04256000 0.7403848767280579
04296000 0.6922049522399902
05057200 0.16196125745773315
05120500 -29.29900360107422
05291000 0.21477627754211426
05362000 0.7650678157806396
05393500 0.7851800918579102
05399500 0.582730770111084
05408000 0.7383185625076294
05413500 0.708940327167511
05414000 0.4804731011390686
05444000 0.4001145362854004
05454000 0.3645089864730835
05458000 0.6667210459709167
05466500 -0.19323337078094482
05487980 0.657555103302002
05488200 0.6879244446754456
05489000 0.6168527603149414
05495000 0.45258504152297974
05495500 0.6180553436279297
05501000 0.8009369969367981
05503800 0.836707592010498
05507600 0.8762704133987427
05508805 0.893315851688385
05525500 0.8298035860061646
05556500 0.7707013487815857
05584500 0.26221585273742676
05591550 0.6074146032333374
05592050 0.6210567355155945
05592575 0.6774172782897949
05593575 0.8161689043045044
05593900 0.6932024955749512
05595730 0.7946076393127441
06221400 0.8473315238952637
06224000 0.8083765506744385
06278300 0.5866009593009949
06280300 0.8326016664505005
06289000 0.5921558141708374
06291500 0.5317072868347168
06311000 0.7983172535896301
06332515 0.14349699020385742
06339100 0.7250916957855225
06344600 -0.5120652914047241
06350000 -1.1332173347473145
06352000 -0.10801565647125244
06404000 0.5811282396316528
06406000 0.09085828065872192
06409000 -3.049966335296631
06431500 0.6843463182449341
06440200 0.28666138648986816
06447500 -0.04502594470977783
06470800 0.7342528700828552
06477500 -1.5816829204559326
06479215 0.3699125647544861
06601000 0.36166805028915405
06614800 0.7683655023574829
06622700 0.8354656100273132
06623800 0.9146161079406738
06632400 0.8338379859924316
06746095 0.660137414932251
06803510 0.5740506649017334
06803530 0.7004138827323914
06814000 0.7088489532470703
06847900 -0.11762762069702148
06853800 0.178305983543396
06876700 0.5615209341049194
06878000 0.4579595923423767
06879650 0.544700562953949
06885500 0.7595885992050171
06888500 0.6294347047805786
06889200 0.6262465119361877
06889500 0.9053957462310791
06892000 0.7313410639762878
06903400 0.327584445476532
06906800 0.7081748247146606
06910800 0.9036438465118408
06911900 0.8413759469985962
06917000 0.8134419322013855
06918460 0.24863338470458984
06919500 0.7588670253753662
06921070 0.6424205899238586
06921200 0.5753459930419922
07057500 0.8188694715499878
07060710 0.6578722596168518
07066000 0.7960935831069946
07083000 0.7990437746047974
07142300 -0.2998155355453491
07145700 0.6308075189590454
07167500 0.6127973794937134
07180500 0.6977989077568054
07184000 0.5812065005302429
07195800 0.020646512508392334
07196900 0.5660176277160645
07197000 0.5346198081970215
07208500 0.4740918278694153
07261000 0.9181317090988159
07263295 0.5397540330886841
07291000 0.621155858039856
07299670 0.13115417957305908
07301410 -0.14457154273986816
07315200 0.5325440168380737
07315700 0.6198185086250305
07335700 0.5506700277328491
07340300 0.7953065633773804
07346045 0.33375483751296997
07359610 0.7881911396980286
07362100 0.14511394500732422
07362587 0.3877270817756653
07375000 0.3749381899833679
08013000 0.7208923101425171
08014500 -0.3501242399215698
08023080 0.47202521562576294
08050800 0.4928092956542969
08066200 0.548470139503479
08066300 0.6599819660186768
08070000 0.5208140015602112
08070200 0.4005189538002014
08082700 -0.004548311233520508
08086212 0.44388914108276367
08086290 0.345819354057312
08101000 0.44420331716537476
08103900 0.5905768871307373
08104900 0.42367666959762573
08109700 0.5213643908500671
08150800 0.3729633092880249
08158700 0.38621872663497925
08158810 0.4575510621070862
08164300 0.4103357195854187
08164600 0.517621636390686
08165300 -6.004436492919922
08171300 0.48328763246536255
08175000 0.4476780891418457
08176900 -0.36617469787597656
08178880 -0.5320792198181152
08189500 0.18239009380340576
08190000 -2.5060572624206543
08190500 -0.48221349716186523
08194200 -0.0382993221282959
08195000 -0.8799724578857422
08196000 -0.3493502140045166
08198500 0.034569740295410156
08200000 0.6492218971252441
08202700 0.2258690595626831
08267500 0.38778549432754517
08269000 0.35726863145828247
08271000 0.6550666093826294
08324000 0.4616708755493164
08377900 0.7792657017707825
08378500 0.6318665742874146
08380500 0.24459010362625122
09035800 0.853316605091095
09035900 0.9545828700065613
09047700 0.8340705633163452
09065500 0.9324082136154175
09066000 0.9156201481819153
09066200 0.9168282747268677
09066300 0.8946998119354248
09081600 0.9137451648712158
09107000 0.856178879737854
09210500 0.551784873008728
09223000 0.632010817527771
09306242 -0.1688312292098999
09312600 0.8089486360549927
09352900 0.6289230585098267
09378170 0.18930387496948242
09386900 -0.09075188636779785
09404450 -0.21976804733276367
09430600 0.1604265570640564
09447800 -16.677583694458008
09484600 -0.16319310665130615
09492400 0.41981035470962524
09494000 0.49186813831329346
09497980 0.4190012812614441
09505350 -0.09643816947937012
09505800 -0.3329123258590698
09508300 0.13457971811294556
09510200 0.34567785263061523
09512280 0.22885054349899292
09513780 0.10387951135635376
10234500 0.5778554677963257
10244950 -1.8075635433197021
10259000 0.5470014810562134
10336645 0.7647112607955933
10336660 0.9018457531929016
10343500 -0.4489361047744751
11124500 0.5987578630447388
11141280 -0.41545045375823975
11143000 0.24098867177963257
11148900 0.4552217721939087
11151300 -2.638007402420044
11176400 0.4595237374305725
11230500 0.4851122498512268
11237500 0.6910016536712646
11264500 0.9180396795272827
11266500 0.9509323835372925
11284400 0.14280056953430176
11381500 0.5464695692062378
11451100 0.7586371302604675
11468500 0.8268551826477051
11473900 0.6246414184570312
11475560 0.6415102481842041
11476600 0.6773301362991333
11478500 0.5975187420845032
11480390 0.5429389476776123
11481200 0.8162487745285034
11482500 0.8731332421302795
11522500 0.6886218190193176
11523200 0.7322511672973633
11528700 0.7226977348327637
11532500 0.7750899195671082
12010000 0.8661726117134094
12013500 0.784815788269043
12020000 0.26087087392807007
12025700 0.8325989842414856
12035000 0.8248994946479797
12040500 0.6625158786773682
12041200 0.6828114986419678
12048000 0.6650054454803467
12054000 0.7064238786697388
12056500 0.5355532765388489
12073500 0.7320024967193604
12082500 0.691388726234436
12092000 0.6899963617324829
12114500 0.7046274542808533
12115000 0.7487040758132935
12117000 0.7423392534255981
12143600 0.7012036442756653
12144000 0.731972336769104
12145500 0.8499065637588501
12147500 0.6684285402297974
12167000 0.6582690477371216
12175500 0.7727576494216919
12178100 0.7271682024002075
12186000 0.7098710536956787
12189500 0.7182890772819519
12375900 0.8330382704734802
12377150 0.9087302684783936
12381400 0.8090113401412964
12383500 0.900968074798584
12390700 0.8086736798286438
12411000 0.6728459596633911
12447390 0.6519768238067627
12451000 0.8874893188476562
12488500 0.7132095098495483
13011500 0.9231233596801758
13011900 0.7611472010612488
13018300 0.7359835505485535
13023000 0.8228110074996948
13161500 0.8955012559890747
13235000 0.8189528584480286
13240000 0.78889000415802
13313000 0.9187288284301758
13331500 0.8725874423980713
14020000 0.3580288290977478
14096850 -0.8260138034820557
14137000 0.6882274150848389
14138800 0.5795881748199463
14138870 0.6623324155807495
14138900 0.5835165977478027
14139800 0.6887969970703125
14141500 0.6558161377906799
14154500 0.8263682723045349
14158790 0.5917397737503052
14166500 0.880387544631958
14182500 0.7294583320617676
14185000 0.7890737652778625
14185900 0.7384611368179321
14187000 0.8071295022964478
14216500 0.6951045393943787
14222500 0.8069847226142883
14236200 0.7926199436187744
14301000 0.888852059841156
14303200 0.7657819986343384
14305500 0.8066006302833557
14306340 0.7930784225463867
14306500 0.8758820295333862
14308990 0.8337770700454712
14309500 0.7498995065689087
14316700 0.7635655403137207
14325000 0.6674550771713257
14362250 0.2790378928184509
14400000 0.7992966175079346
### END C2
### BEGIN T5 results/33_transformer_recipe_repair/T5/transformer_recipe_repair_T5_2026_0904_1523_ep30/validation/model_epoch030/validation_metrics.csv
531
01022500 0.7921216487884521
01031500 0.8400763273239136
01047000 0.8682664632797241
01052500 0.8590397238731384
01054200 0.6497845649719238
01055000 0.7511212229728699
01057000 0.8556025624275208
01073000 0.7100247144699097
01078000 0.874376654624939
01123000 0.7676382660865784
01134500 0.7984499931335449
01137500 0.7364728450775146
01139000 0.7816769480705261
01139800 0.7780395746231079
01142500 0.6797689199447632
01144000 0.7962924242019653
01162500 0.603376030921936
01169000 0.6466397047042847
01170100 0.6644542217254639
01181000 0.5814321041107178
01187300 0.725324273109436
01195100 0.6889946460723877
01333000 0.4531988501548767
01350000 0.7446644306182861
01350080 0.5804481506347656
01350140 0.600467324256897
01365000 0.7341404557228088
01411300 0.7745583057403564
01413500 0.6023204326629639
01414500 0.5845810770988464
01415000 0.5931986570358276
01423000 0.7524421215057373
01434025 0.5443869829177856
01435000 0.7001380920410156
01439500 0.7130491733551025
01440000 0.7314741611480713
01440400 0.6224320530891418
01451800 0.6950379610061646
01466500 0.7853580713272095
01484100 0.7677945494651794
01487000 0.9331761002540588
01491000 0.7783271074295044
01510000 0.772533655166626
01516500 0.5691920518875122
01518862 0.678420901298523
01532000 0.6822450160980225
01539000 0.8123112320899963
01542810 0.7534899115562439
01543000 0.805729866027832
01543500 0.8382234573364258
01544500 0.8206716775894165
01545600 0.8006055355072021
01547700 0.5841569900512695
01548500 0.8550093173980713
01549500 0.7247459888458252
01550000 0.7265433073043823
01552000 0.7450584769248962
01552500 0.5909117460250854
01557500 0.7428165078163147
01567500 0.7730840444564819
01568000 0.8347067832946777
01580000 0.6384247541427612
01583500 0.4819822311401367
01586610 0.6088483333587646
01591400 0.2635843753814697
01594950 0.765990138053894
01596500 0.7870345115661621
01605500 0.6778469085693359
01606500 0.7525867223739624
01632000 0.512436032295227
01632900 0.6705202460289001
01634500 0.32175248861312866
01638480 0.5551221966743469
01639500 0.7068084478378296
01644000 0.8708552122116089
01664000 0.8426065444946289
01666500 0.4363306760787964
01667500 0.674888014793396
01669000 0.7341724634170532
01669520 0.7629019021987915
02011400 0.8708590865135193
02013000 0.8250570297241211
02014000 0.8369108438491821
02015700 0.7532153129577637
02016000 0.7903416156768799
02017500 0.7505935430526733
02018000 0.7790324687957764
02027000 0.6425517201423645
02027500 0.6345438957214355
02028500 0.8269946575164795
02038850 0.686026930809021
02046000 0.7797067165374756
02051500 0.7776312828063965
02053200 0.7675101161003113
02053800 0.8009737730026245
02055100 0.6398286819458008
02056900 0.7314161062240601
02059500 0.7466248869895935
02064000 0.8584960699081421
02065500 0.3471207022666931
02069700 0.5829229950904846
02070000 0.5709874629974365
02074500 0.5864336490631104
02077200 0.6023287177085876
02081500 0.6996680498123169
02082950 0.6985223293304443
02092500 0.8538318872451782
02096846 0.45168745517730713
02102908 0.709013819694519
02108000 0.8223510384559631
02111180 0.636323094367981
02111500 0.5875546932220459
02112120 0.5803383588790894
02112360 0.6974636316299438
02118500 0.5564600229263306
02125000 0.8211507797241211
02128000 0.7424697875976562
02137727 0.6391148567199707
02140991 0.7438251972198486
02143000 0.7268716096878052
02143040 0.5811753273010254
02149000 0.6892255544662476
02152100 0.6267685294151306
02177000 0.7318074703216553
02178400 0.7347028851509094
02193340 0.822434663772583
02196000 0.8198837041854858
02198100 0.4800708293914795
02202600 0.8797937631607056
02212600 0.5258851051330566
02215100 0.8160424828529358
02216180 0.6390355825424194
02221525 0.5919129848480225
02231000 0.9649111032485962
02245500 0.4846119284629822
02246000 0.7656364440917969
02296500 0.008965492248535156
02297155 -5.232232093811035
02297310 -2.532100200653076
02298123 0.4018216133117676
02298608 -0.09204888343811035
02299950 0.41453075408935547
02300700 -0.24689829349517822
02342933 0.4506385326385498
02349900 0.5601989030838013
02350900 0.8530673980712891
02361000 0.506927490234375
02363000 0.7917532920837402
02369800 0.7160980105400085
02371500 0.5123252868652344
02372250 0.2486940622329712
02374500 0.3709518313407898
02381600 0.30819952487945557
02384540 0.7495085000991821
02395120 -0.261502742767334
02415000 0.7104960680007935
02427250 0.6873384714126587
02430085 0.7241978645324707
02450250 0.24434280395507812
02464000 0.7363476753234863
02464360 0.7017546892166138
02465493 -1.2701663970947266
02469800 0.7624432444572449
02472000 0.8698239922523499
02472500 0.6935323476791382
02479155 0.68211829662323
02479300 0.7789444327354431
02479560 0.6966651678085327
02481000 0.5902935266494751
02481510 0.7092081308364868
03010655 0.8122751116752625
03011800 0.7904477119445801
03015500 0.7552874088287354
03021350 0.7595704197883606
03026500 0.8287711143493652
03028000 0.8063803911209106
03049000 0.8310171961784363
03049800 0.6358054876327515
03050000 0.803109884262085
03069500 0.8286908268928528
03070500 0.7866741418838501
03076600 0.6801265478134155
03078000 0.7868183851242065
03140000 0.7837570905685425
03144000 0.7953571677207947
03170000 0.7965806126594543
03173000 0.8446744680404663
03180500 0.7788026928901672
03182500 0.8463225364685059
03186500 0.8590847253799438
03237280 0.6427551507949829
03237500 0.6371640563011169
03238500 0.6831202507019043
03241500 0.810671865940094
03280700 0.758244514465332
03281500 0.7889538407325745
03285000 0.7427709102630615
03291780 0.5673028826713562
03338780 0.47062861919403076
03340800 0.8359445333480835
03346000 0.766107439994812
03364500 0.6370859146118164
03366500 0.5820828676223755
03368000 0.7898776531219482
03384450 0.6571029424667358
03439000 0.6621700525283813
03455500 0.24130922555923462
03456500 0.5041394829750061
03460000 0.7013883590698242
03463300 0.48812174797058105
03471500 0.7396332025527954
03473000 0.8483390808105469
03479000 0.37973713874816895
03488000 0.7927471399307251
03498500 0.7481850385665894
03500000 0.8010669946670532
03500240 0.5273241400718689
03504000 0.678977370262146
03574500 0.7240854501724243
03592718 0.5596240162849426
03604000 0.8271934390068054
04015330 0.7581228017807007
04024430 0.6251071691513062
04027000 0.7572930455207825
04040500 0.899992048740387
04043050 0.9061293601989746
04045500 0.8830693364143372
04057510 0.6409652829170227
04057800 0.6652565002441406
04059500 0.8260660767555237
04063700 0.4352615475654602
04074950 0.8246647715568542
04105700 -0.8914840221405029
04115265 0.7958425879478455
04122200 0.8132508397102356
04122500 0.6739029884338379
04127918 0.6318361759185791
04127997 0.7691744565963745
04161580 0.6877562999725342
04185000 0.831250786781311
04196800 0.7355148792266846
04197100 0.6558562517166138
04197170 0.7229049205780029
04213000 0.6905655860900879
04213075 0.42617785930633545
04216418 0.6904491186141968
04221000 0.8080463409423828
04224775 0.7445278167724609
04233000 0.7519411444664001
04256000 0.7985535860061646
04296000 0.7166609764099121
05057200 0.24754083156585693
05120500 -24.23384666442871
05291000 0.26400530338287354
05362000 0.8928092122077942
05393500 0.8972753882408142
05399500 0.6898199319839478
05408000 0.7586631774902344
05413500 0.7528645992279053
05414000 0.3992384672164917
05444000 0.6134716272354126
05454000 0.5891350507736206
05458000 0.6423670053482056
05466500 0.4919179677963257
05487980 0.6856237649917603
05488200 0.4894244074821472
05489000 0.5154386162757874
05495000 0.6283882856369019
05495500 0.6330164670944214
05501000 0.7440383434295654
05503800 0.8219760060310364
05507600 0.758210301399231
05508805 0.8459648489952087
05525500 0.8165343999862671
05556500 0.8326915502548218
05584500 0.31513041257858276
05591550 0.7311068773269653
05592050 0.5842331647872925
05592575 0.7373343706130981
05593575 0.8322806358337402
05593900 0.7731198668479919
05595730 0.8194766640663147
06221400 0.922297477722168
06224000 0.9104064106941223
06278300 0.8146942853927612
06280300 0.8710938096046448
06289000 0.3731365203857422
06291500 0.4786193370819092
06311000 0.6526625156402588
06332515 -0.7216037511825562
06339100 0.754374623298645
06344600 -1.666954517364502
06350000 -0.6609088182449341
06352000 -0.05779755115509033
06404000 0.8649559020996094
06406000 -0.08659195899963379
06409000 -3.399869441986084
06431500 0.5108530521392822
06440200 0.5312544107437134
06447500 -0.32506322860717773
06470800 0.7406129837036133
06477500 -0.36321961879730225
06479215 -0.3978770971298218
06601000 -0.6573760509490967
06614800 0.854944109916687
06622700 0.8774468302726746
06623800 0.9488393068313599
06632400 0.8622287511825562
06746095 0.7963264584541321
06803510 0.6056009531021118
06803530 0.6405200362205505
06814000 0.7089400291442871
06847900 -0.13580262660980225
06853800 0.13240021467208862
06876700 0.2938098907470703
06878000 0.802389919757843
06879650 0.4979379177093506
06885500 0.7390347719192505
06888500 0.7784309983253479
06889200 0.6822503209114075
06889500 0.9100815057754517
06892000 0.8307311534881592
06903400 0.5188447833061218
06906800 0.7783435583114624
06910800 0.8616937398910522
06911900 0.9529269337654114
06917000 0.764668345451355
06918460 0.19506990909576416
06919500 0.8203546404838562
06921070 0.6842808127403259
06921200 0.6617688536643982
07057500 0.9034684896469116
07060710 0.6431998014450073
07066000 0.8470266461372375
07083000 0.7989282608032227
07142300 0.4680207371711731
07145700 0.5220486521720886
07167500 0.581230878829956
07180500 0.6273548603057861
07184000 0.648176372051239
07195800 0.25397706031799316
07196900 0.5732681751251221
07197000 0.8011573553085327
07208500 0.26362961530685425
07261000 0.7864091396331787
07263295 0.5312882661819458
07291000 0.4223499894142151
07299670 -0.1995861530303955
07301410 -0.10434794425964355
07315200 0.3356906771659851
07315700 0.7462269067764282
07335700 0.5503114461898804
07340300 0.5359973907470703
07346045 0.6454964280128479
07359610 0.6279686689376831
07362100 0.255354106426239
07362587 0.3653309941291809
07375000 0.5274706482887268
08013000 0.8582378625869751
08014500 0.38786303997039795
08023080 0.0011917352676391602
08050800 0.3683427572250366
08066200 0.7239193320274353
08066300 0.5269243717193604
08070000 0.6803532242774963
08070200 0.6569059491157532
08082700 0.24634462594985962
08086212 0.6306393146514893
08086290 0.7475779056549072
08101000 0.637714684009552
08103900 0.5658141374588013
08104900 0.3633275628089905
08109700 0.5471780300140381
08150800 0.276939332485199
08158700 0.5936957597732544
08158810 -0.023201942443847656
08164300 0.24251210689544678
08164600 0.6425184011459351
08165300 -4.475996971130371
08171300 0.6661474704742432
08175000 0.2849946618080139
08176900 0.22577518224716187
08178880 0.5743303894996643
08189500 -0.11194026470184326
08190000 -0.281782865524292
08190500 -0.6271116733551025
08194200 -6.390666961669922
08195000 0.34193289279937744
08196000 0.5462404489517212
08198500 0.7038833498954773
08200000 0.521781861782074
08202700 0.6390784382820129
08267500 0.0009748339653015137
08269000 0.5193414092063904
08271000 0.40493500232696533
08324000 0.4290647506713867
08377900 0.758848249912262
08378500 0.7985062003135681
08380500 0.12319988012313843
09035800 0.7407492399215698
09035900 0.9413479566574097
09047700 0.8808704614639282
09065500 0.8975614309310913
09066000 0.8698156476020813
09066200 0.888192892074585
09066300 0.8629136085510254
09081600 0.9019597172737122
09107000 0.9154562950134277
09210500 0.6400938034057617
09223000 0.8338639140129089
09306242 -0.6702219247817993
09312600 0.471269428730011
09352900 0.7789061665534973
09378170 0.5179101824760437
09386900 -0.07294857501983643
09404450 0.19649028778076172
09430600 0.03418564796447754
09447800 -3.9354944229125977
09484600 -0.009215235710144043
09492400 0.5007216334342957
09494000 0.37830281257629395
09497980 0.6866259574890137
09505350 0.4703916907310486
09505800 0.1233411431312561
09508300 0.23064064979553223
09510200 0.4697219729423523
09512280 0.21237188577651978
09513780 0.1477363109588623
10234500 0.598109245300293
10244950 -1.9401075839996338
10259000 0.5960495471954346
10336645 0.8349318504333496
10336660 0.9559203386306763
10343500 0.6270416975021362
11124500 0.7893185615539551
11141280 0.2380790114402771
11143000 0.4648742079734802
11148900 0.48030388355255127
11151300 -1.7535133361816406
11176400 0.4688488841056824
11230500 0.49792933464050293
11237500 0.7246708273887634
11264500 0.8621570467948914
11266500 0.9109968543052673
11284400 0.3432753086090088
11381500 0.6811001300811768
11451100 0.7160480618476868
11468500 0.8764514923095703
11473900 0.7850894927978516
11475560 0.7069581747055054
11476600 0.8504652976989746
11478500 0.7209321856498718
11480390 0.7087374329566956
11481200 0.8189724087715149
11482500 0.8495745658874512
11522500 0.6926647424697876
11523200 0.8007099032402039
11528700 0.7742343544960022
11532500 0.8538186550140381
12010000 0.8718340396881104
12013500 0.8429393768310547
12020000 0.31539350748062134
12025700 0.8980839848518372
12035000 0.8436158299446106
12040500 0.7659921646118164
12041200 0.7413122653961182
12048000 0.673178493976593
12054000 0.8121656775474548
12056500 0.7407301664352417
12073500 0.740755021572113
12082500 0.7713473439216614
12092000 0.7088150978088379
12114500 0.6393349170684814
12115000 0.7299871444702148
12117000 0.8088059425354004
12143600 0.8277425169944763
12144000 0.8279657363891602
12145500 0.883561372756958
12147500 0.7703721523284912
12167000 0.5971437692642212
12175500 0.7750073671340942
12178100 0.7362726926803589
12186000 0.7611936330795288
12189500 0.6878689527511597
12375900 0.8201152086257935
12377150 0.9093568325042725
12381400 0.9159218072891235
12383500 0.9192241430282593
12390700 0.7993481159210205
12411000 0.6124166250228882
12447390 0.7560935616493225
12451000 0.9094120264053345
12488500 0.7435056567192078
13011500 0.8839076161384583
13011900 0.8652666807174683
13018300 0.46721309423446655
13023000 0.9051521420478821
13161500 0.8321853876113892
13235000 0.8629010319709778
13240000 0.9011445045471191
13313000 0.9029169678688049
13331500 0.7969672679901123
14020000 0.6159823536872864
14096850 -0.2542002201080322
14137000 0.7030404806137085
14138800 0.7403901219367981
14138870 0.7365944385528564
14138900 0.7585345506668091
14139800 0.8167600631713867
14141500 0.7649452686309814
14154500 0.8538715839385986
14158790 0.6498255133628845
14166500 0.9184224009513855
14182500 0.7260251045227051
14185000 0.8311746120452881
14185900 0.829082190990448
14187000 0.8602622747421265
14216500 0.44373369216918945
14222500 0.7730520963668823
14236200 0.8364225625991821
14301000 0.8980571627616882
14303200 0.7793880701065063
14305500 0.8690491914749146
14306340 0.7919236421585083
14306500 0.8685178756713867
14308990 0.8371455669403076
14309500 0.7046082019805908
14316700 0.8130021691322327
14325000 0.7036344408988953
14362250 0.31177443265914917
14400000 0.8518819212913513
### END T5
ID33_WATCH_COMPLETE
### ---------- end ----------
### exit_code=0
### finished=2026-09-05T03:12:14+0800
