01098530
01108000
01109403
01127000
01184000
01196500
01449800
01470960
01488500
01619500
01631000
01648000
01664000
01665500
01671100
02011470
02011800
02014000
02016500
02018000
02019500
02037500
02044500
02047000
02052000
02054500
02055000
02056000
02060500
02066000
02069700
02070500
02075045
02231600
02232200
02246000
02271500
02296750
02297100
02300042
02303000
02303420
02306647
02372250
02373000
02374500
02399200
02401390
02408540
02414715
02423397
02425000
02443500
02446500
02450825
02453000
02455980
02457595
02458450
02458600
02464000
02465493
02469800
02471001
02471078
02476500
03091500
03171000
03176500
03189100
03192000
03193000
03194700
03202400
03203600
03208500
03208950
03209000
03214500
