08175000
02096846
09352900
03237500
02481510
01549500
01413500
01552500
05466500
02479560
14166500
01591400
02111180
01544500
02342933
03015500
06919500
03144000
05592575
08171300
02128000
07263295
01567500
12186000
01634500
12114500
04213000
09035900
06917000
11176400
02430085
08150800
07060710
02038850
10234500
08086212
12115000
02363000
05592050
02215100
07301410
06746095
03500000
01547700
03186500
12056500
06352000
13018300
09484600
01532000
04115265
09386900
02297310
04296000
09513780
09497980
04027000
04197170
12035000
07167500
02469800
09210500
04213075
12147500
01596500
04059500
01047000
01134500
07315700
09505800
02137727
12447390
02245500
13235000
01440400
04105700
04127918
02102908
04045500
04043050
05508805
11141280
13161500
14137000
08269000
11473900
03471500
12040500
14301000
03368000
02297155
05454000
03238500
06632400
01169000
02055100
01055000
06911900
11522500
09081600
06803510
14306340
08158810
08271000
01487000
14362250
06814000
08082700
04057800
02371500
14154500
03291780
04185000
01451800
08200000
14325000
01078000
03026500
07291000
02369800
14185900
02381600
05503800
08377900
01440000
08194200
02027500
11532500
03241500
12025700
05487980
11482500
06623800
03078000
06889200
08013000
02013000
14096850
05488200
09066300
05525500
02027000
02112360
01411300
06280300
02125000
02051500
01557500
06344600
05458000
06876700
06431500
08190500
03237280
01054200
01605500
13011900
01057000
03455500
14309500
14308990
12377150
01123000
12375900
03285000
04024430
12082500
02479300
09306242
01644000
02081500
11478500
02296500
05408000
14236200
02069700
02152100
08109700
01137500
03479000
14400000
02140991
06918460
05120500
09066000
10259000
14305500
02472000
07057500
05556500
05413500
01632000
08066200
03021350
06889500
01365000
10336660
11528700
02056900
01594950
03140000
06477500
02065500
01423000
04216418
04063700
14141500
01484100
01073000
01187300
12411000
01350080
02111500
05393500
02221525
02415000
05057200
02212600
12390700
01580000
14158790
02017500
09508300
01539000
02216180
04221000
01543500
13023000
11237500
09312600
02011400
03076600
06803530
11523200
03069500
02143000
12144000
01435000
02018000
08103900
02028500
05291000
06291500
14316700
04040500
02112120
01669000
02361000
01333000
02479155
06404000
09494000
05593575
07145700
11476600
01667500
02472500
02092500
06888500
07142300
01491000
09223000
04015330
04057510
07299670
02349900
12381400
06847900
09505350
02481000
01550000
09107000
02395120
05399500
01415000
06892000
02059500
06470800
05495000
08101000
06479215
03049000
09430600
11266500
03182500
06853800
01666500
01542810
14303200
01052500
05584500
06409000
05495500
05414000
08023080
06289000
05489000
09492400
07184000
01466500
07375000
03500240
02016000
07066000
14138800
08178880
07261000
01669520
02372250
12189500
02064000
07208500
09510200
05507600
06332515
04122200
01022500
01139800
09047700
05362000
08378500
08086290
12041200
05593900
06878000
02384540
01606500
02082950
12145500
06903400
05501000
07362100
02350900
03170000
08050800
06879650
12451000
13313000
14187000
02077200
13240000
01548500
09512280
02015700
08190000
02246000
09404450
06910800
03340800
03364500
05444000
01543000
12117000
11148900
11124500
03456500
01552000
02298123
02149000
12175500
12020000
10336645
02465493
09066200
02014000
01181000
14216500
01638480
02231000
14139800
04122500
02464360
02300700
05591550
03346000
02070000
02053800
03180500
01439500
08066300
02374500
01414500
14222500
07197000
12167000
08165300
12092000
06614800
14306500
04233000
08196000
12143600
03280700
11468500
09035800
12178100
03281500
03011800
11284400
14020000
04256000
10244950
11481200
08195000
07340300
02108000
04127997
07180500
02299950
01632900
01162500
01545600
08380500
03604000
01350000
08070200
06601000
03028000
03460000
01639500
03592718
06921070
04197100
03473000
07362587
