### channel=zhenjiang-six-source-four-target-ukf seq=68
### host=login4
### started=2026-09-03T15:36:19+0800
### ---------- output ----------
=== SNAPSHOT_TIME ===
2026-09-03T15:36:19+0800
=== STATE_DIFFERENCE_DIAGNOSTICS_CSV ===
source_index,source_station,issue_horizon_hour,post_update_lead_hour,cell_count,state_mean_absolute_difference,state_l2_difference
0,datong,2,1,24849,0.0003514811211221765,0.003245961942513075
0,datong,3,2,24849,0.00032260616375818916,0.0027670279473240547
0,datong,4,3,24849,0.0003088781778773044,0.0025102828469376237
0,datong,5,4,24849,0.0003010401501445622,0.0023643099880150324
0,datong,6,5,24849,0.000296673797748925,0.0022767093422739007
0,datong,7,6,24849,0.00029562345389332273,0.0022302670177488247
0,datong,8,7,24849,0.00029726330882708714,0.002211275982145519
0,datong,9,8,24849,0.00029925530066841856,0.002204323732778532
0,datong,10,9,24849,0.0003010927158971778,0.0022013386316881312
0,datong,11,10,24849,0.0003031868345371177,0.002198853253255118
0,datong,12,11,24849,0.0003053704561436351,0.0021961068467561333
0,datong,13,12,24849,0.0003070137651666193,0.0021931726055586286
0,datong,14,13,24849,0.00030770502321979736,0.0021881464471930545
0,datong,15,14,24849,0.0003072808437054817,0.0021780602507748366
0,datong,16,15,24849,0.0003064635809925373,0.002167013650079416
0,datong,17,16,24849,0.0003056472586392176,0.002157264081501891
0,datong,18,17,24849,0.0003045010641256693,0.0021477497674252883
0,datong,19,18,24849,0.00030335098706145457,0.0021390523936483004
0,datong,20,19,24849,0.00030222224374758336,0.0021307293593793527
0,datong,21,20,24849,0.00030081671716143335,0.0021220588247479856
0,datong,22,21,24849,0.0002996117636969792,0.0021137403312568963
0,datong,23,22,24849,0.00029916346771083845,0.0021076994214253983
0,datong,24,23,24849,0.00029907689274286846,0.0021026848293754265
1,nanjing,2,1,24849,0.0003278242185917562,0.0028319160897296324
1,nanjing,3,2,24849,0.0003067289802440787,0.002394463735328427
1,nanjing,4,3,24849,0.0002908409810163793,0.0021562740311330923
1,nanjing,5,4,24849,0.0002809645570576779,0.0020131626457018372
1,nanjing,6,5,24849,0.0002742230225559913,0.0019181760572928766
1,nanjing,7,6,24849,0.0002683386911878847,0.0018516374317778203
1,nanjing,8,7,24849,0.00026237802334784375,0.0017925745314120109
1,nanjing,9,8,24849,0.0002564054901959313,0.0017439247240484345
1,nanjing,10,9,24849,0.00025172747015415084,0.0017094405441766833
1,nanjing,11,10,24849,0.00024834885202344855,0.001685032955301948
1,nanjing,12,11,24849,0.0002446074667069973,0.001660847516947169
1,nanjing,13,12,24849,0.00024034245214090279,0.001633135122943526
1,nanjing,14,13,24849,0.0002364795107595892,0.001604911732457142
1,nanjing,15,14,24849,0.00023299960624957955,0.001580906400060557
1,nanjing,16,15,24849,0.00023057453011053847,0.0015634320529729132
1,nanjing,17,16,24849,0.00022874226141363148,0.0015492964535761288
1,nanjing,18,17,24849,0.0002271352941098044,0.00153719801282609
1,nanjing,19,18,24849,0.00022595891893694318,0.0015275893508826422
1,nanjing,20,19,24849,0.0002245427012697095,0.0015184778131599429
1,nanjing,21,20,24849,0.00022319259055193565,0.001510287560298878
1,nanjing,22,21,24849,0.0002218396407831518,0.001503197868499836
1,nanjing,23,22,24849,0.00022037275603964298,0.0014948580179002411
1,nanjing,24,23,24849,0.00021843358551797043,0.0014845497994453152
2,zhenjiang,2,1,24849,0.0005501881803956497,0.004606229581271912
2,zhenjiang,3,2,24849,0.0004816589399754527,0.003665879513694527
2,zhenjiang,4,3,24849,0.00043437726781265747,0.003157181701025152
2,zhenjiang,5,4,24849,0.00039239320793097484,0.002791259864237565
2,zhenjiang,6,5,24849,0.0003629016125624204,0.002557555334626011
2,zhenjiang,7,6,24849,0.0003432577810905079,0.0024095068492210312
2,zhenjiang,8,7,24849,0.00033061788998294385,0.002296919974706634
2,zhenjiang,9,8,24849,0.0003228601777143994,0.002223649007008228
2,zhenjiang,10,9,24849,0.00031699896106849424,0.0021639553074446934
2,zhenjiang,11,10,24849,0.00031185292519070085,0.0021133776075103706
2,zhenjiang,12,11,24849,0.00030611799952257046,0.00207468808929455
2,zhenjiang,13,12,24849,0.0003012819698078467,0.0020461077653420655
2,zhenjiang,14,13,24849,0.00029764581954610527,0.0020244605767504678
2,zhenjiang,15,14,24849,0.0002931355363977494,0.001992228415977818
2,zhenjiang,16,15,24849,0.00028834642798444653,0.001957838668502335
2,zhenjiang,17,16,24849,0.00028420453042927264,0.0019276921332270066
2,zhenjiang,18,17,24849,0.00028086631555210653,0.0019028524052120326
2,zhenjiang,19,18,24849,0.00027814513486659726,0.001886129132244804
2,zhenjiang,20,19,24849,0.0002758594424616901,0.0018722819403573822
2,zhenjiang,21,20,24849,0.0002741836036435074,0.0018599328629006395
2,zhenjiang,22,21,24849,0.0002726406762035667,0.0018494846727183376
2,zhenjiang,23,22,24849,0.00027141500729856497,0.0018421293779184364
2,zhenjiang,24,23,24849,0.0002697839120228537,0.001834059761044313
3,jiangyin,2,1,24849,0.000534969908843519,0.004165872671433093
3,jiangyin,3,2,24849,0.0004953666927957279,0.0037482518933102294
3,jiangyin,4,3,24849,0.00047298368395902533,0.003505940829742037
3,jiangyin,5,4,24849,0.00044651524147696904,0.00324846545921974
3,jiangyin,6,5,24849,0.0004133525250797939,0.002964615144076496
3,jiangyin,7,6,24849,0.00038276643383651585,0.0027217671827794348
3,jiangyin,8,7,24849,0.00035716864223426034,0.002518541215972896
3,jiangyin,9,8,24849,0.0003379090174537807,0.0023644835408510576
3,jiangyin,10,9,24849,0.0003243318378974388,0.0022533091173079826
3,jiangyin,11,10,24849,0.00031408500840569847,0.002173601630975586
3,jiangyin,12,11,24849,0.00030663707737344723,0.00210976869026403
3,jiangyin,13,12,24849,0.0003007548184569302,0.002058312231395969
3,jiangyin,14,13,24849,0.0002940945165087248,0.0020076983368849917
3,jiangyin,15,14,24849,0.00028570590118819826,0.0019542763245887634
3,jiangyin,16,15,24849,0.0002787094994022471,0.0019082026987322074
3,jiangyin,17,16,24849,0.0002720677592664772,0.001862966435149528
3,jiangyin,18,17,24849,0.00026455057343650087,0.0018086859932707562
3,jiangyin,19,18,24849,0.00025762567146053375,0.0017570626666889753
3,jiangyin,20,19,24849,0.000251815088958843,0.001712036515018337
3,jiangyin,21,20,24849,0.0002472828897108647,0.0016765749376386533
3,jiangyin,22,21,24849,0.00024333856216350857,0.001648440607540911
3,jiangyin,23,22,24849,0.00023978583799272047,0.0016219252357665272
3,jiangyin,24,23,24849,0.00023673373634736433,0.0015981080303278572
4,xuliujing,2,1,24849,0.001830308991403584,0.014595971990205557
4,xuliujing,3,2,24849,0.001642730280410991,0.012182697416877565
4,xuliujing,4,3,24849,0.001523699946543154,0.011017756945133583
4,xuliujing,5,4,24849,0.001382513646553992,0.009805841893825268
4,xuliujing,6,5,24849,0.001256925528244619,0.008971259849673108
4,xuliujing,7,6,24849,0.0011507801472395087,0.00844186140823734
4,xuliujing,8,7,24849,0.001037059738503386,0.007597312029550349
4,xuliujing,9,8,24849,0.0009259756103441953,0.006748347240662159
4,xuliujing,10,9,24849,0.0008316639225567368,0.005982562706197693
4,xuliujing,11,10,24849,0.0007549567293409058,0.005362133564963069
4,xuliujing,12,11,24849,0.0006977251928761219,0.004905961168593109
4,xuliujing,13,12,24849,0.0006574135290619785,0.004593150494189557
4,xuliujing,14,13,24849,0.0006343349157758529,0.004402648159989167
4,xuliujing,15,14,24849,0.0006155825140553177,0.004240101863986155
4,xuliujing,16,15,24849,0.0006017171795700671,0.004125493819251339
4,xuliujing,17,16,24849,0.0005842470393463148,0.004001857874892004
4,xuliujing,18,17,24849,0.0005623836701689843,0.003861286727784257
4,xuliujing,19,18,24849,0.0005407273167365246,0.0037314919027173423
4,xuliujing,20,19,24849,0.0005166669971073577,0.0035942292457911
4,xuliujing,21,20,24849,0.0004923953742423398,0.003431131613528362
4,xuliujing,22,21,24849,0.00047405185486496453,0.003292032932361544
4,xuliujing,23,22,24849,0.0004609633609200189,0.0031846258110238305
4,xuliujing,24,23,24849,0.0004511337352331739,0.0031018968068601198
5,wusongkou,2,1,24849,0.0025104585540830066,0.022920566129577286
5,wusongkou,3,2,24849,0.0022390885238142083,0.01796558402621777
5,wusongkou,4,3,24849,0.002045596739815563,0.015541732105290744
5,wusongkou,5,4,24849,0.0018807855676029773,0.013811202729196542
5,wusongkou,6,5,24849,0.0017219922687276873,0.012465669980246888
5,wusongkou,7,6,24849,0.0015491551137873094,0.011312589411408848
5,wusongkou,8,7,24849,0.0014050973630121003,0.010488898871838662
5,wusongkou,9,8,24849,0.0012747683968978934,0.009602676235837332
5,wusongkou,10,9,24849,0.0011375374460435952,0.00850397163166768
5,wusongkou,11,10,24849,0.0010046182721040408,0.0073637012888475685
5,wusongkou,12,11,24849,0.0008856201251034441,0.006416615250767113
5,wusongkou,13,12,24849,0.0007865813956281261,0.005686887854493785
5,wusongkou,14,13,24849,0.0007156332715490732,0.005172207953283839
5,wusongkou,15,14,24849,0.0006690956096897881,0.004812168728694357
5,wusongkou,16,15,24849,0.0006366871151651031,0.004554340319544529
5,wusongkou,17,16,24849,0.000607753672348609,0.004330771837521746
5,wusongkou,18,17,24849,0.000580931328833444,0.004149880833338165
5,wusongkou,19,18,24849,0.0005518748470812937,0.003968250573627219
5,wusongkou,20,19,24849,0.0005231769613493565,0.003792391273671694
5,wusongkou,21,20,24849,0.0004982939574152941,0.0036458620034844555
5,wusongkou,22,21,24849,0.00047105266648441146,0.0034542742311294743
5,wusongkou,23,22,24849,0.00044248966390719177,0.0032356754255671943
5,wusongkou,24,23,24849,0.0004173189416646891,0.0030494914987087064
=== OBS_SUFFICIENT_STATS_HEADER ===
schema_version,experiment_id,seed,block_id,block_origin_count,source_index,source_station,cell_count,prior_absolute_residual_sum_m,posterior_absolute_residual_sum_m,innovation_absolute_sum_m,kalman_gain_norm_sum,posterior_observation_variance_sum_normalized,observation_contraction_min,observation_contraction_max,contraction_ratio_values_json,near_zero_prior_count,near_zero_posterior_max_absolute_residual_m,posterior_minimum_eigenvalue_minus_0_99_floor_min,observation_noise_standard_deviation_normalized
1.0,ZHENJIANG_SIX_SOURCE_FOUR_TARGET_D32_GRU_DIFFERENTIABLE_UKF_V1_2023_DEVELOPMENT_V1,17,0,145,0,datong,145,22.124867292236644,19.028624855741146,22.124867292236644,20.25624057257454,0.6483099812793989,0.13714761450111695,0.14264640782604768,"[0.8607947187355216,0.8600496466007951,0.8593362043799337,0.8587360171292572,0.8584283223308486,0.8589545584190661,0.8601199578855148,0.8611779532504937,0.8618148076887078,0.8620787107708202,0.8621884944129564,0.8621672615408191,0.8620496057296152,0.8616200792777667,0.8608632756628687,0.860302510770605,0.8596207465079494,0.8591382594325475,0.8592897181474252,0.8600475986490771,0.8609240462071975,0.8615019104481803,0.8617232612957383,0.8615309880847312,0.8611469970962143,0.8607358380821255,0.8600856206003159,0.8593298912046851,0.8586285730421749,0.8582216039793962,0.8587043551108776,0.8599363020321256,0.8611622813965496,0.8619360916620962,0.862296056656292,0.8623140548785785,0.8623305861373232,0.8622337394737766,0.8617501885555221,0.8609272106333571,0.8601278884260876,0.8591396349082114,0.858475379487183,0.8587036289589615,0.8597062612882487,0.8608437666398044,0.8615783698662223,0.8616845997346976,0.8613941359567594,0.8608924346990596,0.8604331521435671,0.859741648094171,0.8589508238410571,0.8581363329401651,0.8578573209559116,0.8586169239582924,0.8600557029904353,0.8614226303824492,0.862181524934382,0.8625137091819366,0.8624993491659351,0.8625370399305561,0.8623965617267534,0.8617759897750263,0.8608070964284931,0.8598584891910405,0.8586741675018686,0.8579973003362402,0.8584077795666604,0.8596194554098712,0.8608674181961645,0.8615910765127194,0.8615987453158092,0.8612271644414065,0.8607500441027265,0.8602928472344179,0.8595817600190219,0.8586408011927883,0.8578151627260281,0.8577107092048951,0.858721840344475,0.8603005895272177,0.8616695651245734,0.86227281219165,0.8624820446825994,0.8624440533528335,0.8625755040351184,0.8624813448307173,0.861690888893845,0.8606820010417007,0.859535898705501,0.858219270134523,0.8576275175014093,0.8583208468710972,0.8597626662184176,0.8610034439721882,0.8615435924046148,0.861515698934734,0.8611118405886165,0.8607690595752939,0.860319368319458,0.8594537778194667,0.858388293379545,0.8575970613466564,0.8576943673113995,0.8589881679769259,0.8606983014850901,0.8619531840564936,0.8624035057444532,0.8624142427607572,0.8624493346653108,0.8626397885703252,0.8623946363367404,0.861367710376879,0.8602195698395717,0.8588320319793187,0.8575549020963085,0.8574696580047934,0.8587415177478755,0.860343377988102,0.86149055931285,0.8616408562862679,0.8614242733266441,0.8610058071809984,0.8607377470370281,0.8601138947038477,0.859057757336563,0.8579357031912846,0.8574006990028085,0.8580002743484512,0.8596880019006325,0.861374450049929,0.862246316100608,0.8624787936442385,0.8623466707417887,0.8625776023426944,0.8628524755175251,0.8623363800148767,0.8610842368312994,0.859914569556893,0.8584801754979224,0.8573536176606832,0.8576465064278487,0.8591323192760414,0.860695586482286]",0,0.0,0.00031570704545014796,0.1789678919684505
rows=937
=== CROSS_RESPONSE_6x6 (posterior_obs_j - prior_obs_j, mean over origins, per assimilated source i) ===
columns=schema_version|experiment_id|seed|block_id|block_origin_count|source_index|source_station|cell_count|prior_absolute_residual_sum_m|posterior_absolute_residual_sum_m|innovation_absolute_sum_m|kalman_gain_norm_sum|posterior_observation_variance_sum_normalized|observation_contraction_min|observation_contraction_max|contraction_ratio_values_json|near_zero_prior_count|near_zero_posterior_max_absolute_residual_m|posterior_minimum_eigenvalue_minus_0_99_floor_min|observation_noise_standard_deviation_normalized
sum_like_columns=block_origin_count|cell_count|prior_absolute_residual_sum_m|posterior_absolute_residual_sum_m|innovation_absolute_sum_m|kalman_gain_norm_sum|posterior_observation_variance_sum_normalized|near_zero_prior_count
sample_row={'schema_version': '1.0', 'experiment_id': 'ZHENJIANG_SIX_SOURCE_FOUR_TARGET_D32_GRU_DIFFERENTIABLE_UKF_V1_2023_DEVELOPMENT_V1', 'seed': '17', 'block_id': '0', 'block_origin_count': '145', 'source_index': '0', 'source_station': 'datong', 'cell_count': '145', 'prior_absolute_residual_sum_m': '22.124867292236644', 'posterior_absolute_residual_sum_m': '19.028624855741146', 'innovation_absolute_sum_m': '22.124867292236644', 'kalman_gain_norm_sum': '20.25624057257454'}
sample_row={'schema_version': '1.0', 'experiment_id': 'ZHENJIANG_SIX_SOURCE_FOUR_TARGET_D32_GRU_DIFFERENTIABLE_UKF_V1_2023_DEVELOPMENT_V1', 'seed': '17', 'block_id': '0', 'block_origin_count': '145', 'source_index': '1', 'source_station': 'nanjing', 'cell_count': '145', 'prior_absolute_residual_sum_m': '6.896905020211188', 'posterior_absolute_residual_sum_m': '5.2723047691943865', 'innovation_absolute_sum_m': '6.896905020211188', 'kalman_gain_norm_sum': '47.01729830523178'}
sample_row={'schema_version': '1.0', 'experiment_id': 'ZHENJIANG_SIX_SOURCE_FOUR_TARGET_D32_GRU_DIFFERENTIABLE_UKF_V1_2023_DEVELOPMENT_V1', 'seed': '17', 'block_id': '0', 'block_origin_count': '145', 'source_index': '2', 'source_station': 'zhenjiang', 'cell_count': '145', 'prior_absolute_residual_sum_m': '8.521072575257344', 'posterior_absolute_residual_sum_m': '5.862059134549833', 'innovation_absolute_sum_m': '8.521072575257344', 'kalman_gain_norm_sum': '66.15844276940638'}
sample_row={'schema_version': '1.0', 'experiment_id': 'ZHENJIANG_SIX_SOURCE_FOUR_TARGET_D32_GRU_DIFFERENTIABLE_UKF_V1_2023_DEVELOPMENT_V1', 'seed': '17', 'block_id': '0', 'block_origin_count': '145', 'source_index': '3', 'source_station': 'jiangyin', 'cell_count': '145', 'prior_absolute_residual_sum_m': '8.26040813371923', 'posterior_absolute_residual_sum_m': '6.9104555040486275', 'innovation_absolute_sum_m': '8.26040813371923', 'kalman_gain_norm_sum': '14.276850345516655'}
sample_row={'schema_version': '1.0', 'experiment_id': 'ZHENJIANG_SIX_SOURCE_FOUR_TARGET_D32_GRU_DIFFERENTIABLE_UKF_V1_2023_DEVELOPMENT_V1', 'seed': '17', 'block_id': '0', 'block_origin_count': '145', 'source_index': '4', 'source_station': 'xuliujing', 'cell_count': '145', 'prior_absolute_residual_sum_m': '5.650467998902924', 'posterior_absolute_residual_sum_m': '0.44444538152425417', 'innovation_absolute_sum_m': '5.650467998902924', 'kalman_gain_norm_sum': '130.59568444315497'}
=== SNAPSHOT_END ===
2026-09-03T15:36:20+0800
### ---------- end ----------
### exit_code=0
### finished=2026-09-03T15:36:20+0800
