### channel=china-negative-repair-20261006 seq=8
### host=login4
### started=2026-10-07T14:27:46+0800
### ---------- output ----------
ORIGINAL_INPUT_IDENTITY_UTC=2026-10-07T06:27:47Z
WEATHER_LITERAL=/data1/home/sunyiq/forcing_swap_daily_2026_09/data_shadow/camels_us/basin_mean_forcing/era5l_caravan
WEATHER_RESOLVED=/data1/home/sunyiq/forcing_swap_daily_2026_09/data_shadow/camels_us/basin_mean_forcing/era5l_caravan
WEATHER_ROOT_BEFORE=41|10226938374|4096|1788846358|1788846358|20|41ed
LINK_MAURER_LITERAL=/data1/home/sunyiq/forcing_swap_daily_2026_09/data_shadow/camels_us/basin_mean_forcing/maurer
LINK_MAURER_TEXT=/data1/home/sunyiq/attr_swap_daily_2026_09/data_shadow/camels_us/basin_mean_forcing/maurer
LINK_MAURER_RESOLVED=/data1/home/sunyiq/attr_swap_daily_2026_09/data_shadow/camels_us/basin_mean_forcing/maurer
LINK_DISCHARGE_LITERAL=/data1/home/sunyiq/forcing_swap_daily_2026_09/data_shadow/camels_us/usgs_streamflow
LINK_DISCHARGE_TEXT=/data1/home/sunyiq/attr_swap_daily_2026_09/data_shadow/camels_us/usgs_streamflow
LINK_DISCHARGE_RESOLVED=/data1/home/sunyiq/neuralhydrology/data/camels_us/usgs_streamflow
LINK_ATTRIBUTES_LITERAL=/data1/home/sunyiq/forcing_swap_daily_2026_09/data_shadow/camels_us/camels_attributes_v2.0
LINK_ATTRIBUTES_TEXT=/data1/home/sunyiq/attr_swap_daily_2026_09/data_shadow/camels_us/camels_attributes_v2.0
LINK_ATTRIBUTES_RESOLVED=/data1/home/sunyiq/attr_swap_daily_2026_09/data_shadow/camels_us/camels_attributes_v2.0
WEATHER_LIST_BEGIN
d|4096|2|41|6062734599|1788845966.0000000000|1788845966.0000000000|755|01
f|557156|1|41|6062734855|1788855434.0000000000|1788855434.0000000000|644|01/01022500_lump_era5l_caravan_forcing_leap.txt
f|557594|1|41|6062735111|1788855441.0000000000|1788855441.0000000000|644|01/01047000_lump_era5l_caravan_forcing_leap.txt
f|557578|1|41|6062735367|1788855447.0000000000|1788855447.0000000000|644|01/01052500_lump_era5l_caravan_forcing_leap.txt
f|557675|1|41|6062735623|1788855447.0000000000|1788855447.0000000000|644|01/01054200_lump_era5l_caravan_forcing_leap.txt
f|557548|1|41|6062735879|1788855448.0000000000|1788855448.0000000000|644|01/01055000_lump_era5l_caravan_forcing_leap.txt
f|557403|1|41|6062736135|1788855454.0000000000|1788855454.0000000000|644|01/01134500_lump_era5l_caravan_forcing_leap.txt
f|557677|1|41|6062736391|1788855459.0000000000|1788855459.0000000000|644|01/01137500_lump_era5l_caravan_forcing_leap.txt
f|557334|1|41|6062736647|1788855462.0000000000|1788855462.0000000000|644|01/01139800_lump_era5l_caravan_forcing_leap.txt
f|557773|1|41|6062736903|1788855463.0000000000|1788855463.0000000000|644|01/01142500_lump_era5l_caravan_forcing_leap.txt
f|557578|1|41|6062737159|1788855463.0000000000|1788855463.0000000000|644|01/01144000_lump_era5l_caravan_forcing_leap.txt
f|557479|1|41|6062737415|1788855465.0000000000|1788855465.0000000000|644|01/01162500_lump_era5l_caravan_forcing_leap.txt
f|557753|1|41|6062737671|1788855465.0000000000|1788855465.0000000000|644|01/01169000_lump_era5l_caravan_forcing_leap.txt
f|557671|1|41|6062737927|1788855468.0000000000|1788855468.0000000000|644|01/01187300_lump_era5l_caravan_forcing_leap.txt
f|557454|1|41|6062738183|1788855469.0000000000|1788855469.0000000000|644|01/01195100_lump_era5l_caravan_forcing_leap.txt
f|557855|1|41|6062738439|1788855471.0000000000|1788855471.0000000000|644|01/04296000_lump_era5l_caravan_forcing_leap.txt
f|557514|1|41|6923765762|1788855440.0000000000|1788855440.0000000000|644|01/01031500_lump_era5l_caravan_forcing_leap.txt
f|557458|1|41|6923766018|1788855449.0000000000|1788855449.0000000000|644|01/01057000_lump_era5l_caravan_forcing_leap.txt
f|557329|1|41|6923766274|1788855450.0000000000|1788855450.0000000000|644|01/01073000_lump_era5l_caravan_forcing_leap.txt
f|557302|1|41|6923766530|1788855451.0000000000|1788855451.0000000000|644|01/01078000_lump_era5l_caravan_forcing_leap.txt
f|557762|1|41|6923766786|1788855452.0000000000|1788855452.0000000000|644|01/01123000_lump_era5l_caravan_forcing_leap.txt
f|557401|1|41|6923767042|1788855460.0000000000|1788855460.0000000000|644|01/01139000_lump_era5l_caravan_forcing_leap.txt
f|557684|1|41|6923767298|1788855466.0000000000|1788855466.0000000000|644|01/01170100_lump_era5l_caravan_forcing_leap.txt
f|557816|1|41|6923767554|1788855467.0000000000|1788855467.0000000000|644|01/01181000_lump_era5l_caravan_forcing_leap.txt
d|4096|2|41|6062739463|1788846086.0000000000|1788846086.0000000000|755|03
f|561049|1|41|6062739975|1788855550.0000000000|1788855550.0000000000|644|03/02051500_lump_era5l_caravan_forcing_leap.txt
f|559892|1|41|6062740231|1788855555.0000000000|1788855555.0000000000|644|03/02059500_lump_era5l_caravan_forcing_leap.txt
f|560411|1|41|6062740487|1788855556.0000000000|1788855556.0000000000|644|03/02064000_lump_era5l_caravan_forcing_leap.txt
f|560542|1|41|6062740743|1788855559.0000000000|1788855559.0000000000|644|03/02070000_lump_era5l_caravan_forcing_leap.txt
f|560615|1|41|6062740999|1788855560.0000000000|1788855560.0000000000|644|03/02074500_lump_era5l_caravan_forcing_leap.txt
f|560910|1|41|6062743559|1788855577.0000000000|1788855577.0000000000|644|03/02143000_lump_era5l_caravan_forcing_leap.txt
f|563825|1|41|6062746375|1788855587.0000000000|1788855587.0000000000|644|03/02212600_lump_era5l_caravan_forcing_leap.txt
f|567437|1|41|6062746631|1788855596.0000000000|1788855596.0000000000|644|03/02231000_lump_era5l_caravan_forcing_leap.txt
f|567689|1|41|6062747143|1788855598.0000000000|1788855598.0000000000|644|03/02246000_lump_era5l_caravan_forcing_leap.txt
f|570304|1|41|6062747399|1788855599.0000000000|1788855599.0000000000|644|03/02296500_lump_era5l_caravan_forcing_leap.txt
f|570545|1|41|6062747655|1788855602.0000000000|1788855602.0000000000|644|03/02298123_lump_era5l_caravan_forcing_leap.txt
f|570511|1|41|6062747911|1788855603.0000000000|1788855603.0000000000|644|03/02298608_lump_era5l_caravan_forcing_leap.txt
f|565054|1|41|6062748679|1788855606.0000000000|1788855606.0000000000|644|03/02342933_lump_era5l_caravan_forcing_leap.txt
f|564594|1|41|6062748935|1788855607.0000000000|1788855607.0000000000|644|03/02349900_lump_era5l_caravan_forcing_leap.txt
f|564866|1|41|6062749191|1788855608.0000000000|1788855608.0000000000|644|03/02350900_lump_era5l_caravan_forcing_leap.txt
f|566097|1|41|6062749703|1788855611.0000000000|1788855611.0000000000|644|03/02369800_lump_era5l_caravan_forcing_leap.txt
f|565017|1|41|6062749959|1788855612.0000000000|1788855612.0000000000|644|03/02371500_lump_era5l_caravan_forcing_leap.txt
f|564934|1|41|6062756615|1788855626.0000000000|1788855626.0000000000|644|03/02472000_lump_era5l_caravan_forcing_leap.txt
f|565994|1|41|6062757383|1788855628.0000000000|1788855628.0000000000|644|03/02479155_lump_era5l_caravan_forcing_leap.txt
f|566069|1|41|6062757895|1788855630.0000000000|1788855630.0000000000|644|03/02479560_lump_era5l_caravan_forcing_leap.txt
f|561024|1|41|6062739719|1788855549.0000000000|1788855549.0000000000|644|03/02046000_lump_era5l_caravan_forcing_leap.txt
f|561433|1|41|6062741255|1788855562.0000000000|1788855562.0000000000|644|03/02081500_lump_era5l_caravan_forcing_leap.txt
f|561627|1|41|6062741511|1788855565.0000000000|1788855565.0000000000|644|03/02096846_lump_era5l_caravan_forcing_leap.txt
f|560118|1|41|6062741767|1788855569.0000000000|1788855569.0000000000|644|03/02111500_lump_era5l_caravan_forcing_leap.txt
f|560035|1|41|6062742023|1788855570.0000000000|1788855570.0000000000|644|03/02112120_lump_era5l_caravan_forcing_leap.txt
f|560252|1|41|6062743047|1788855576.0000000000|1788855576.0000000000|644|03/02140991_lump_era5l_caravan_forcing_leap.txt
f|560789|1|41|6062744839|1788855582.0000000000|1788855582.0000000000|644|03/02178400_lump_era5l_caravan_forcing_leap.txt
f|564276|1|41|6062745607|1788855585.0000000000|1788855585.0000000000|644|03/02198100_lump_era5l_caravan_forcing_leap.txt
f|570447|1|41|6062748423|1788855604.0000000000|1788855604.0000000000|644|03/02299950_lump_era5l_caravan_forcing_leap.txt
f|565013|1|41|6062749447|1788855610.0000000000|1788855610.0000000000|644|03/02363000_lump_era5l_caravan_forcing_leap.txt
f|562471|1|41|6062750215|1788855617.0000000000|1788855617.0000000000|644|03/02395120_lump_era5l_caravan_forcing_leap.txt
f|563618|1|41|6062750471|1788855618.0000000000|1788855618.0000000000|644|03/02415000_lump_era5l_caravan_forcing_leap.txt
f|565278|1|41|6062752519|1788855619.0000000000|1788855619.0000000000|644|03/02427250_lump_era5l_caravan_forcing_leap.txt
f|563118|1|41|6062753287|1788855620.0000000000|1788855620.0000000000|644|03/02430085_lump_era5l_caravan_forcing_leap.txt
f|563828|1|41|6062754055|1788855622.0000000000|1788855622.0000000000|644|03/02464000_lump_era5l_caravan_forcing_leap.txt
f|564031|1|41|6062754823|1788855623.0000000000|1788855623.0000000000|644|03/02464360_lump_era5l_caravan_forcing_leap.txt
f|564440|1|41|6062755591|1788855624.0000000000|1788855624.0000000000|644|03/02465493_lump_era5l_caravan_forcing_leap.txt
f|565394|1|41|6062756103|1788855625.0000000000|1788855625.0000000000|644|03/02469800_lump_era5l_caravan_forcing_leap.txt
f|565276|1|41|6062757127|1788855627.0000000000|1788855627.0000000000|644|03/02472500_lump_era5l_caravan_forcing_leap.txt
f|566699|1|41|6062758151|1788855631.0000000000|1788855631.0000000000|644|03/02481000_lump_era5l_caravan_forcing_leap.txt
f|566446|1|41|6062758407|1788855632.0000000000|1788855632.0000000000|644|03/02481510_lump_era5l_caravan_forcing_leap.txt
f|561928|1|41|6923768834|1788855551.0000000000|1788855551.0000000000|644|03/02053200_lump_era5l_caravan_forcing_leap.txt
f|559467|1|41|6923769090|1788855552.0000000000|1788855552.0000000000|644|03/02053800_lump_era5l_caravan_forcing_leap.txt
f|559710|1|41|6923769346|1788855553.0000000000|1788855553.0000000000|644|03/02055100_lump_era5l_caravan_forcing_leap.txt
f|559827|1|41|6923769602|1788855554.0000000000|1788855554.0000000000|644|03/02056900_lump_era5l_caravan_forcing_leap.txt
f|560539|1|41|6923769858|1788855557.0000000000|1788855557.0000000000|644|03/02065500_lump_era5l_caravan_forcing_leap.txt
f|560305|1|41|6923770114|1788855558.0000000000|1788855558.0000000000|644|03/02069700_lump_era5l_caravan_forcing_leap.txt
f|561300|1|41|6923770370|1788855561.0000000000|1788855561.0000000000|644|03/02077200_lump_era5l_caravan_forcing_leap.txt
f|561701|1|41|6923770626|1788855563.0000000000|1788855563.0000000000|644|03/02082950_lump_era5l_caravan_forcing_leap.txt
f|563392|1|41|6923771138|1788855564.0000000000|1788855564.0000000000|644|03/02092500_lump_era5l_caravan_forcing_leap.txt
f|562684|1|41|6923771394|1788855566.0000000000|1788855566.0000000000|644|03/02102908_lump_era5l_caravan_forcing_leap.txt
f|563148|1|41|6923771650|1788855567.0000000000|1788855567.0000000000|644|03/02108000_lump_era5l_caravan_forcing_leap.txt
f|560106|1|41|6923771906|1788855568.0000000000|1788855568.0000000000|644|03/02111180_lump_era5l_caravan_forcing_leap.txt
f|560217|1|41|6923772162|1788855571.0000000000|1788855571.0000000000|644|03/02112360_lump_era5l_caravan_forcing_leap.txt
f|560760|1|41|6923772674|1788855572.0000000000|1788855572.0000000000|644|03/02118500_lump_era5l_caravan_forcing_leap.txt
f|562023|1|41|6923772930|1788855573.0000000000|1788855573.0000000000|644|03/02125000_lump_era5l_caravan_forcing_leap.txt
f|561983|1|41|6923773186|1788855574.0000000000|1788855574.0000000000|644|03/02128000_lump_era5l_caravan_forcing_leap.txt
f|560595|1|41|6923773698|1788855575.0000000000|1788855575.0000000000|644|03/02137727_lump_era5l_caravan_forcing_leap.txt
f|560890|1|41|6923774722|1788855578.0000000000|1788855578.0000000000|644|03/02143040_lump_era5l_caravan_forcing_leap.txt
f|561209|1|41|6923774978|1788855579.0000000000|1788855579.0000000000|644|03/02149000_lump_era5l_caravan_forcing_leap.txt
f|560984|1|41|6923775234|1788855580.0000000000|1788855580.0000000000|644|03/02152100_lump_era5l_caravan_forcing_leap.txt
f|560967|1|41|6923775746|1788855581.0000000000|1788855581.0000000000|644|03/02177000_lump_era5l_caravan_forcing_leap.txt
f|563405|1|41|6923776002|1788855583.0000000000|1788855583.0000000000|644|03/02193340_lump_era5l_caravan_forcing_leap.txt
f|563419|1|41|6923776514|1788855584.0000000000|1788855584.0000000000|644|03/02196000_lump_era5l_caravan_forcing_leap.txt
f|565352|1|41|6923776770|1788855586.0000000000|1788855586.0000000000|644|03/02202600_lump_era5l_caravan_forcing_leap.txt
f|564615|1|41|6923777026|1788855588.0000000000|1788855588.0000000000|644|03/02215100_lump_era5l_caravan_forcing_leap.txt
f|565148|1|41|6923777282|1788855594.0000000000|1788855594.0000000000|644|03/02216180_lump_era5l_caravan_forcing_leap.txt
f|563533|1|41|6923777538|1788855595.0000000000|1788855595.0000000000|644|03/02221525_lump_era5l_caravan_forcing_leap.txt
f|568204|1|41|6923777794|1788855597.0000000000|1788855597.0000000000|644|03/02245500_lump_era5l_caravan_forcing_leap.txt
f|570410|1|41|6923778050|1788855600.0000000000|1788855600.0000000000|644|03/02297155_lump_era5l_caravan_forcing_leap.txt
f|570521|1|41|6923778306|1788855601.0000000000|1788855601.0000000000|644|03/02297310_lump_era5l_caravan_forcing_leap.txt
f|570194|1|41|6923778562|1788855605.0000000000|1788855605.0000000000|644|03/02300700_lump_era5l_caravan_forcing_leap.txt
f|565351|1|41|6923778818|1788855609.0000000000|1788855609.0000000000|644|03/02361000_lump_era5l_caravan_forcing_leap.txt
f|565089|1|41|6923779074|1788855613.0000000000|1788855613.0000000000|644|03/02372250_lump_era5l_caravan_forcing_leap.txt
f|565592|1|41|6923779330|1788855614.0000000000|1788855614.0000000000|644|03/02374500_lump_era5l_caravan_forcing_leap.txt
f|562024|1|41|6923779842|1788855615.0000000000|1788855615.0000000000|644|03/02381600_lump_era5l_caravan_forcing_leap.txt
f|561856|1|41|6923780098|1788855616.0000000000|1788855616.0000000000|644|03/02384540_lump_era5l_caravan_forcing_leap.txt
f|563036|1|41|6923781378|1788855621.0000000000|1788855621.0000000000|644|03/02450250_lump_era5l_caravan_forcing_leap.txt
f|566299|1|41|6923785218|1788855629.0000000000|1788855629.0000000000|644|03/02479300_lump_era5l_caravan_forcing_leap.txt
d|4096|2|41|10186823184|1788846137.0000000000|1788846137.0000000000|755|05
f|557375|1|41|10186823440|1788855666.0000000000|1788855666.0000000000|644|05/03010655_lump_era5l_caravan_forcing_leap.txt
f|557961|1|41|10186827792|1788855672.0000000000|1788855672.0000000000|644|05/03049000_lump_era5l_caravan_forcing_leap.txt
f|558860|1|41|10186828048|1788855674.0000000000|1788855674.0000000000|644|05/03050000_lump_era5l_caravan_forcing_leap.txt
f|558380|1|41|10186828304|1788855675.0000000000|1788855675.0000000000|644|05/03069500_lump_era5l_caravan_forcing_leap.txt
f|558295|1|41|10186828560|1788855676.0000000000|1788855676.0000000000|644|05/03070500_lump_era5l_caravan_forcing_leap.txt
f|558140|1|41|10186828816|1788855677.0000000000|1788855677.0000000000|644|05/03076600_lump_era5l_caravan_forcing_leap.txt
f|557878|1|41|10186829072|1788855678.0000000000|1788855678.0000000000|644|05/03078000_lump_era5l_caravan_forcing_leap.txt
f|558243|1|41|10186829328|1788855679.0000000000|1788855679.0000000000|644|05/03140000_lump_era5l_caravan_forcing_leap.txt
f|558416|1|41|10186829584|1788855680.0000000000|1788855680.0000000000|644|05/03144000_lump_era5l_caravan_forcing_leap.txt
f|558558|1|41|10186829840|1788855684.0000000000|1788855684.0000000000|644|05/03182500_lump_era5l_caravan_forcing_leap.txt
f|559609|1|41|10186830096|1788855686.0000000000|1788855686.0000000000|644|05/03237280_lump_era5l_caravan_forcing_leap.txt
f|558648|1|41|10186830352|1788855689.0000000000|1788855689.0000000000|644|05/03241500_lump_era5l_caravan_forcing_leap.txt
f|560456|1|41|10186830864|1788855692.0000000000|1788855692.0000000000|644|05/03281500_lump_era5l_caravan_forcing_leap.txt
f|559400|1|41|10186831376|1788855694.0000000000|1788855694.0000000000|644|05/03291780_lump_era5l_caravan_forcing_leap.txt
f|558855|1|41|10186831632|1788855695.0000000000|1788855695.0000000000|644|05/03338780_lump_era5l_caravan_forcing_leap.txt
f|558972|1|41|10186831888|1788855696.0000000000|1788855696.0000000000|644|05/03340800_lump_era5l_caravan_forcing_leap.txt
f|559560|1|41|10186832144|1788855696.0000000000|1788855696.0000000000|644|05/03346000_lump_era5l_caravan_forcing_leap.txt
f|559008|1|41|10186833168|1788855698.0000000000|1788855698.0000000000|644|05/03364500_lump_era5l_caravan_forcing_leap.txt
f|559486|1|41|10186833680|1788855698.0000000000|1788855698.0000000000|644|05/03366500_lump_era5l_caravan_forcing_leap.txt
f|557659|1|41|10226954246|1788855667.0000000000|1788855667.0000000000|644|05/03011800_lump_era5l_caravan_forcing_leap.txt
f|558061|1|41|10226954502|1788855668.0000000000|1788855668.0000000000|644|05/03015500_lump_era5l_caravan_forcing_leap.txt
f|558034|1|41|10226954758|1788855669.0000000000|1788855669.0000000000|644|05/03021350_lump_era5l_caravan_forcing_leap.txt
f|557662|1|41|10226957318|1788855670.0000000000|1788855670.0000000000|644|05/03026500_lump_era5l_caravan_forcing_leap.txt
f|557708|1|41|10226958086|1788855671.0000000000|1788855671.0000000000|644|05/03028000_lump_era5l_caravan_forcing_leap.txt
f|558234|1|41|10226958342|1788855673.0000000000|1788855673.0000000000|644|05/03049800_lump_era5l_caravan_forcing_leap.txt
f|559538|1|41|10226958598|1788855681.0000000000|1788855681.0000000000|644|05/03170000_lump_era5l_caravan_forcing_leap.txt
f|559159|1|41|10226958854|1788855682.0000000000|1788855682.0000000000|644|05/03173000_lump_era5l_caravan_forcing_leap.txt
f|558371|1|41|10226959110|1788855683.0000000000|1788855683.0000000000|644|05/03180500_lump_era5l_caravan_forcing_leap.txt
f|558748|1|41|10226959366|1788855685.0000000000|1788855685.0000000000|644|05/03186500_lump_era5l_caravan_forcing_leap.txt
f|559262|1|41|10226959622|1788855687.0000000000|1788855687.0000000000|644|05/03237500_lump_era5l_caravan_forcing_leap.txt
f|559181|1|41|10226959878|1788855688.0000000000|1788855688.0000000000|644|05/03238500_lump_era5l_caravan_forcing_leap.txt
f|560540|1|41|10226960134|1788855691.0000000000|1788855691.0000000000|644|05/03280700_lump_era5l_caravan_forcing_leap.txt
f|560231|1|41|10226961414|1788855693.0000000000|1788855693.0000000000|644|05/03285000_lump_era5l_caravan_forcing_leap.txt
f|560915|1|41|10226962694|1788855699.0000000000|1788855699.0000000000|644|05/03384450_lump_era5l_caravan_forcing_leap.txt
d|4096|2|41|6545613828|1788846149.0000000000|1788846149.0000000000|755|06
f|559976|1|41|6545614084|1788855702.0000000000|1788855702.0000000000|644|06/03456500_lump_era5l_caravan_forcing_leap.txt
f|559635|1|41|6545614340|1788855708.0000000000|1788855708.0000000000|644|06/03479000_lump_era5l_caravan_forcing_leap.txt
f|560959|1|41|6545614596|1788855710.0000000000|1788855710.0000000000|644|06/03498500_lump_era5l_caravan_forcing_leap.txt
f|560664|1|41|6545614852|1788855715.0000000000|1788855715.0000000000|644|06/03500000_lump_era5l_caravan_forcing_leap.txt
f|560452|1|41|6545615108|1788855716.0000000000|1788855716.0000000000|644|06/03500240_lump_era5l_caravan_forcing_leap.txt
f|562814|1|41|6545615364|1788855719.0000000000|1788855719.0000000000|644|06/03592718_lump_era5l_caravan_forcing_leap.txt
f|560526|1|41|6020895243|1788855700.0000000000|1788855700.0000000000|644|06/03439000_lump_era5l_caravan_forcing_leap.txt
f|559839|1|41|6020895499|1788855701.0000000000|1788855701.0000000000|644|06/03455500_lump_era5l_caravan_forcing_leap.txt
f|560068|1|41|6020895755|1788855703.0000000000|1788855703.0000000000|644|06/03460000_lump_era5l_caravan_forcing_leap.txt
f|559927|1|41|6020896011|1788855704.0000000000|1788855704.0000000000|644|06/03463300_lump_era5l_caravan_forcing_leap.txt
f|559234|1|41|6020896267|1788855705.0000000000|1788855705.0000000000|644|06/03471500_lump_era5l_caravan_forcing_leap.txt
f|559388|1|41|6020896523|1788855706.0000000000|1788855706.0000000000|644|06/03473000_lump_era5l_caravan_forcing_leap.txt
f|559362|1|41|6020896779|1788855709.0000000000|1788855709.0000000000|644|06/03488000_lump_era5l_caravan_forcing_leap.txt
f|560358|1|41|6020897035|1788855717.0000000000|1788855717.0000000000|644|06/03504000_lump_era5l_caravan_forcing_leap.txt
f|562092|1|41|6020897291|1788855718.0000000000|1788855718.0000000000|644|06/03574500_lump_era5l_caravan_forcing_leap.txt
f|562148|1|41|6020897547|1788855720.0000000000|1788855720.0000000000|644|06/03604000_lump_era5l_caravan_forcing_leap.txt
d|4096|2|41|7461496577|1788846173.0000000000|1788846173.0000000000|755|07
f|558529|1|41|7461496833|1788855722.0000000000|1788855722.0000000000|644|07/05362000_lump_era5l_caravan_forcing_leap.txt
f|558352|1|41|7461497089|1788855725.0000000000|1788855725.0000000000|644|07/05408000_lump_era5l_caravan_forcing_leap.txt
f|558420|1|41|7461497345|1788855726.0000000000|1788855726.0000000000|644|07/05413500_lump_era5l_caravan_forcing_leap.txt
f|558416|1|41|7461497601|1788855728.0000000000|1788855728.0000000000|644|07/05444000_lump_era5l_caravan_forcing_leap.txt
f|558866|1|41|7461497857|1788855729.0000000000|1788855729.0000000000|644|07/05454000_lump_era5l_caravan_forcing_leap.txt
f|559193|1|41|7461498113|1788855734.0000000000|1788855734.0000000000|644|07/05489000_lump_era5l_caravan_forcing_leap.txt
f|559233|1|41|7461498369|1788855736.0000000000|1788855736.0000000000|644|07/05495500_lump_era5l_caravan_forcing_leap.txt
f|559513|1|41|7461498625|1788855738.0000000000|1788855738.0000000000|644|07/05503800_lump_era5l_caravan_forcing_leap.txt
f|558867|1|41|7461499649|1788855742.0000000000|1788855742.0000000000|644|07/05525500_lump_era5l_caravan_forcing_leap.txt
f|558604|1|41|7461500673|1788855743.0000000000|1788855743.0000000000|644|07/05556500_lump_era5l_caravan_forcing_leap.txt
f|559147|1|41|7461500929|1788855744.0000000000|1788855744.0000000000|644|07/05584500_lump_era5l_caravan_forcing_leap.txt
f|559484|1|41|7461501185|1788855746.0000000000|1788855746.0000000000|644|07/05592050_lump_era5l_caravan_forcing_leap.txt
f|559791|1|41|7461501441|1788855747.0000000000|1788855747.0000000000|644|07/05592575_lump_era5l_caravan_forcing_leap.txt
f|559574|1|41|7461502209|1788855749.0000000000|1788855749.0000000000|644|07/05593900_lump_era5l_caravan_forcing_leap.txt
f|558325|1|41|8256170252|1788855721.0000000000|1788855721.0000000000|644|07/05291000_lump_era5l_caravan_forcing_leap.txt
f|558484|1|41|8256170508|1788855723.0000000000|1788855723.0000000000|644|07/05393500_lump_era5l_caravan_forcing_leap.txt
f|558355|1|41|8256170764|1788855724.0000000000|1788855724.0000000000|644|07/05399500_lump_era5l_caravan_forcing_leap.txt
f|558322|1|41|8256171020|1788855727.0000000000|1788855727.0000000000|644|07/05414000_lump_era5l_caravan_forcing_leap.txt
f|558670|1|41|8256171276|1788855730.0000000000|1788855730.0000000000|644|07/05458000_lump_era5l_caravan_forcing_leap.txt
f|558774|1|41|8256171532|1788855731.0000000000|1788855731.0000000000|644|07/05466500_lump_era5l_caravan_forcing_leap.txt
f|559215|1|41|8256171788|1788855732.0000000000|1788855732.0000000000|644|07/05487980_lump_era5l_caravan_forcing_leap.txt
f|559156|1|41|8256172044|1788855733.0000000000|1788855733.0000000000|644|07/05488200_lump_era5l_caravan_forcing_leap.txt
f|559239|1|41|8256172300|1788855735.0000000000|1788855735.0000000000|644|07/05495000_lump_era5l_caravan_forcing_leap.txt
f|559440|1|41|8256172556|1788855737.0000000000|1788855737.0000000000|644|07/05501000_lump_era5l_caravan_forcing_leap.txt
f|559575|1|41|8256172812|1788855740.0000000000|1788855740.0000000000|644|07/05507600_lump_era5l_caravan_forcing_leap.txt
f|559591|1|41|8256173068|1788855741.0000000000|1788855741.0000000000|644|07/05508805_lump_era5l_caravan_forcing_leap.txt
f|559431|1|41|8256174348|1788855745.0000000000|1788855745.0000000000|644|07/05591550_lump_era5l_caravan_forcing_leap.txt
f|560182|1|41|8256175628|1788855748.0000000000|1788855748.0000000000|644|07/05593575_lump_era5l_caravan_forcing_leap.txt
f|560296|1|41|8256175884|1788855750.0000000000|1788855750.0000000000|644|07/05595730_lump_era5l_caravan_forcing_leap.txt
d|4096|2|41|6471986953|1788846178.0000000000|1788846178.0000000000|755|08
f|562727|1|41|6471987209|1788855752.0000000000|1788855752.0000000000|644|08/07359610_lump_era5l_caravan_forcing_leap.txt
f|564134|1|41|6471987465|1788855753.0000000000|1788855753.0000000000|644|08/07362100_lump_era5l_caravan_forcing_leap.txt
f|565908|1|41|6471987721|1788855757.0000000000|1788855757.0000000000|644|08/08014500_lump_era5l_caravan_forcing_leap.txt
f|565390|1|41|8466413578|1788855751.0000000000|1788855751.0000000000|644|08/07291000_lump_era5l_caravan_forcing_leap.txt
f|562526|1|41|8466413834|1788855754.0000000000|1788855754.0000000000|644|08/07362587_lump_era5l_caravan_forcing_leap.txt
f|566352|1|41|8466414090|1788855755.0000000000|1788855755.0000000000|644|08/07375000_lump_era5l_caravan_forcing_leap.txt
f|565684|1|41|8466414346|1788855756.0000000000|1788855756.0000000000|644|08/08013000_lump_era5l_caravan_forcing_leap.txt
d|4096|2|41|6471988489|1788846240.0000000000|1788846240.0000000000|755|11
f|561002|1|41|6471988745|1788855814.0000000000|1788855814.0000000000|644|11/07057500_lump_era5l_caravan_forcing_leap.txt
f|561737|1|41|6471989001|1788855815.0000000000|1788855815.0000000000|644|11/07060710_lump_era5l_caravan_forcing_leap.txt
f|557366|1|41|6471989257|1788855817.0000000000|1788855817.0000000000|644|11/07083000_lump_era5l_caravan_forcing_leap.txt
f|559887|1|41|6471989513|1788855818.0000000000|1788855818.0000000000|644|11/07142300_lump_era5l_caravan_forcing_leap.txt
f|560813|1|41|6471989769|1788855819.0000000000|1788855819.0000000000|644|11/07145700_lump_era5l_caravan_forcing_leap.txt
f|560550|1|41|6471990025|1788855820.0000000000|1788855820.0000000000|644|11/07167500_lump_era5l_caravan_forcing_leap.txt
f|560909|1|41|6471990281|1788855822.0000000000|1788855822.0000000000|644|11/07184000_lump_era5l_caravan_forcing_leap.txt
f|555782|1|41|6471990537|1788855826.0000000000|1788855826.0000000000|644|11/07208500_lump_era5l_caravan_forcing_leap.txt
f|562652|1|41|6471990793|1788855828.0000000000|1788855828.0000000000|644|11/07263295_lump_era5l_caravan_forcing_leap.txt
f|562437|1|41|6471991049|1788855837.0000000000|1788855837.0000000000|644|11/07335700_lump_era5l_caravan_forcing_leap.txt
f|562643|1|41|6471991305|1788855838.0000000000|1788855838.0000000000|644|11/07340300_lump_era5l_caravan_forcing_leap.txt
f|564337|1|41|6471991561|1788855839.0000000000|1788855839.0000000000|644|11/07346045_lump_era5l_caravan_forcing_leap.txt
f|560811|1|41|8466417162|1788855816.0000000000|1788855816.0000000000|644|11/07066000_lump_era5l_caravan_forcing_leap.txt
f|560181|1|41|8466417418|1788855821.0000000000|1788855821.0000000000|644|11/07180500_lump_era5l_caravan_forcing_leap.txt
f|561312|1|41|8466417674|1788855823.0000000000|1788855823.0000000000|644|11/07195800_lump_era5l_caravan_forcing_leap.txt
f|561677|1|41|8466418954|1788855824.0000000000|1788855824.0000000000|644|11/07196900_lump_era5l_caravan_forcing_leap.txt
f|561744|1|41|8466419210|1788855825.0000000000|1788855825.0000000000|644|11/07197000_lump_era5l_caravan_forcing_leap.txt
f|562145|1|41|8466419466|1788855827.0000000000|1788855827.0000000000|644|11/07261000_lump_era5l_caravan_forcing_leap.txt
f|562126|1|41|8466419722|1788855829.0000000000|1788855829.0000000000|644|11/07299670_lump_era5l_caravan_forcing_leap.txt
f|560860|1|41|8466419978|1788855831.0000000000|1788855831.0000000000|644|11/07301410_lump_era5l_caravan_forcing_leap.txt
f|563309|1|41|8466420234|1788855834.0000000000|1788855834.0000000000|644|11/07315200_lump_era5l_caravan_forcing_leap.txt
f|562967|1|41|8466420490|1788855836.0000000000|1788855836.0000000000|644|11/07315700_lump_era5l_caravan_forcing_leap.txt
d|4096|2|41|6471991817|1788846266.0000000000|1788846266.0000000000|755|12
f|566033|1|41|6471992073|1788855842.0000000000|1788855842.0000000000|644|12/08066200_lump_era5l_caravan_forcing_leap.txt
f|566210|1|41|6471992329|1788855843.0000000000|1788855843.0000000000|644|12/08066300_lump_era5l_caravan_forcing_leap.txt
f|566171|1|41|6471992585|1788855844.0000000000|1788855844.0000000000|644|12/08070000_lump_era5l_caravan_forcing_leap.txt
f|566247|1|41|6471992841|1788855845.0000000000|1788855845.0000000000|644|12/08070200_lump_era5l_caravan_forcing_leap.txt
f|563005|1|41|6471993097|1788855846.0000000000|1788855846.0000000000|644|12/08082700_lump_era5l_caravan_forcing_leap.txt
f|564208|1|41|6471993353|1788855849.0000000000|1788855849.0000000000|644|12/08101000_lump_era5l_caravan_forcing_leap.txt
f|564657|1|41|6471993609|1788855850.0000000000|1788855850.0000000000|644|12/08103900_lump_era5l_caravan_forcing_leap.txt
f|564900|1|41|6471993865|1788855852.0000000000|1788855852.0000000000|644|12/08104900_lump_era5l_caravan_forcing_leap.txt
f|565441|1|41|6471994121|1788855853.0000000000|1788855853.0000000000|644|12/08109700_lump_era5l_caravan_forcing_leap.txt
f|564542|1|41|6471994377|1788855854.0000000000|1788855854.0000000000|644|12/08150800_lump_era5l_caravan_forcing_leap.txt
f|565080|1|41|6471994633|1788855855.0000000000|1788855855.0000000000|644|12/08158700_lump_era5l_caravan_forcing_leap.txt
f|567003|1|41|6471994889|1788855858.0000000000|1788855858.0000000000|644|12/08164600_lump_era5l_caravan_forcing_leap.txt
f|566632|1|41|6471995913|1788855862.0000000000|1788855862.0000000000|644|12/08176900_lump_era5l_caravan_forcing_leap.txt
f|567423|1|41|6471997193|1788855867.0000000000|1788855867.0000000000|644|12/08194200_lump_era5l_caravan_forcing_leap.txt
f|565388|1|41|6471997705|1788855873.0000000000|1788855873.0000000000|644|12/08202700_lump_era5l_caravan_forcing_leap.txt
f|565047|1|41|8466420746|1788855840.0000000000|1788855840.0000000000|644|12/08023080_lump_era5l_caravan_forcing_leap.txt
f|563542|1|41|8466421002|1788855841.0000000000|1788855841.0000000000|644|12/08050800_lump_era5l_caravan_forcing_leap.txt
f|563455|1|41|8466421258|1788855847.0000000000|1788855847.0000000000|644|12/08086212_lump_era5l_caravan_forcing_leap.txt
f|563472|1|41|8466421514|1788855848.0000000000|1788855848.0000000000|644|12/08086290_lump_era5l_caravan_forcing_leap.txt
f|565153|1|41|8466421770|1788855856.0000000000|1788855856.0000000000|644|12/08158810_lump_era5l_caravan_forcing_leap.txt
f|566106|1|41|8466422026|1788855857.0000000000|1788855857.0000000000|644|12/08164300_lump_era5l_caravan_forcing_leap.txt
f|564469|1|41|8466422282|1788855859.0000000000|1788855859.0000000000|644|12/08165300_lump_era5l_caravan_forcing_leap.txt
f|565071|1|41|8466422538|1788855860.0000000000|1788855860.0000000000|644|12/08171300_lump_era5l_caravan_forcing_leap.txt
f|566185|1|41|8466422794|1788855861.0000000000|1788855861.0000000000|644|12/08175000_lump_era5l_caravan_forcing_leap.txt
f|564799|1|41|8466423818|1788855863.0000000000|1788855863.0000000000|644|12/08178880_lump_era5l_caravan_forcing_leap.txt
f|567111|1|41|8466425610|1788855864.0000000000|1788855864.0000000000|644|12/08189500_lump_era5l_caravan_forcing_leap.txt
f|564800|1|41|8466425866|1788855865.0000000000|1788855865.0000000000|644|12/08190000_lump_era5l_caravan_forcing_leap.txt
f|564845|1|41|8466426122|1788855866.0000000000|1788855866.0000000000|644|12/08190500_lump_era5l_caravan_forcing_leap.txt
f|564786|1|41|8466426634|1788855868.0000000000|1788855868.0000000000|644|12/08195000_lump_era5l_caravan_forcing_leap.txt
f|565097|1|41|8466426890|1788855869.0000000000|1788855869.0000000000|644|12/08196000_lump_era5l_caravan_forcing_leap.txt
f|565116|1|41|8466427146|1788855870.0000000000|1788855870.0000000000|644|12/08198500_lump_era5l_caravan_forcing_leap.txt
f|565145|1|41|8466427402|1788855872.0000000000|1788855872.0000000000|644|12/08200000_lump_era5l_caravan_forcing_leap.txt
d|4096|2|41|9126556933|1788846271.0000000000|1788846271.0000000000|755|13
f|556285|1|41|9126557445|1788855877.0000000000|1788855877.0000000000|644|13/08324000_lump_era5l_caravan_forcing_leap.txt
f|555918|1|41|9126557701|1788855878.0000000000|1788855878.0000000000|644|13/08377900_lump_era5l_caravan_forcing_leap.txt
f|554898|1|41|8965683971|1788855874.0000000000|1788855874.0000000000|644|13/08267500_lump_era5l_caravan_forcing_leap.txt
f|555660|1|41|8965684227|1788855875.0000000000|1788855875.0000000000|644|13/08269000_lump_era5l_caravan_forcing_leap.txt
f|555404|1|41|8965684739|1788855876.0000000000|1788855876.0000000000|644|13/08271000_lump_era5l_caravan_forcing_leap.txt
f|555808|1|41|8965684995|1788855879.0000000000|1788855879.0000000000|644|13/08378500_lump_era5l_caravan_forcing_leap.txt
f|556812|1|41|8965685251|1788855880.0000000000|1788855880.0000000000|644|13/08380500_lump_era5l_caravan_forcing_leap.txt
d|4096|2|41|7461509121|1788846295.0000000000|1788846295.0000000000|755|15
f|555255|1|41|7461509377|1788855901.0000000000|1788855901.0000000000|644|15/09404450_lump_era5l_caravan_forcing_leap.txt
f|557461|1|41|7461509633|1788855902.0000000000|1788855902.0000000000|644|15/09430600_lump_era5l_caravan_forcing_leap.txt
f|558336|1|41|7461509889|1788855902.0000000000|1788855902.0000000000|644|15/09447800_lump_era5l_caravan_forcing_leap.txt
f|559076|1|41|7461510145|1788855904.0000000000|1788855904.0000000000|644|15/09484600_lump_era5l_caravan_forcing_leap.txt
f|556038|1|41|7461510401|1788855905.0000000000|1788855905.0000000000|644|15/09492400_lump_era5l_caravan_forcing_leap.txt
f|556524|1|41|7461510657|1788855908.0000000000|1788855908.0000000000|644|15/09505350_lump_era5l_caravan_forcing_leap.txt
f|556769|1|41|7461510913|1788855909.0000000000|1788855909.0000000000|644|15/09505800_lump_era5l_caravan_forcing_leap.txt
f|558399|1|41|7461511169|1788855912.0000000000|1788855912.0000000000|644|15/09512280_lump_era5l_caravan_forcing_leap.txt
f|558325|1|41|7461511425|1788855913.0000000000|1788855913.0000000000|644|15/09513780_lump_era5l_caravan_forcing_leap.txt
f|555925|1|41|8256181772|1788855899.0000000000|1788855899.0000000000|644|15/09386900_lump_era5l_caravan_forcing_leap.txt
f|556827|1|41|8256182028|1788855906.0000000000|1788855906.0000000000|644|15/09494000_lump_era5l_caravan_forcing_leap.txt
f|557760|1|41|8256182284|1788855907.0000000000|1788855907.0000000000|644|15/09497980_lump_era5l_caravan_forcing_leap.txt
f|558248|1|41|8256182540|1788855910.0000000000|1788855910.0000000000|644|15/09508300_lump_era5l_caravan_forcing_leap.txt
f|558921|1|41|8256182796|1788855911.0000000000|1788855911.0000000000|644|15/09510200_lump_era5l_caravan_forcing_leap.txt
d|4096|2|41|11404875784|1788846299.0000000000|1788846299.0000000000|755|16
f|552636|1|41|11404876040|1788855918.0000000000|1788855918.0000000000|644|16/10343500_lump_era5l_caravan_forcing_leap.txt
f|554835|1|41|10525189646|1788855914.0000000000|1788855914.0000000000|644|16/10234500_lump_era5l_caravan_forcing_leap.txt
f|553752|1|41|10525189902|1788855915.0000000000|1788855915.0000000000|644|16/10244950_lump_era5l_caravan_forcing_leap.txt
f|552266|1|41|10525190158|1788855916.0000000000|1788855916.0000000000|644|16/10336645_lump_era5l_caravan_forcing_leap.txt
f|551872|1|41|10525190414|1788855917.0000000000|1788855917.0000000000|644|16/10336660_lump_era5l_caravan_forcing_leap.txt
d|4096|2|41|6545644036|1788846379.0000000000|1788846379.0000000000|755|18
f|556953|1|41|6545644292|1788855997.0000000000|1788855997.0000000000|644|18/10259000_lump_era5l_caravan_forcing_leap.txt
f|558455|1|41|6545644548|1788855998.0000000000|1788855998.0000000000|644|18/11124500_lump_era5l_caravan_forcing_leap.txt
f|559388|1|41|6545644804|1788856000.0000000000|1788856000.0000000000|644|18/11143000_lump_era5l_caravan_forcing_leap.txt
f|561574|1|41|6545645060|1788856001.0000000000|1788856001.0000000000|644|18/11148900_lump_era5l_caravan_forcing_leap.txt
f|558290|1|41|6545645316|1788856002.0000000000|1788856002.0000000000|644|18/11151300_lump_era5l_caravan_forcing_leap.txt
f|552489|1|41|6545645572|1788856006.0000000000|1788856006.0000000000|644|18/11264500_lump_era5l_caravan_forcing_leap.txt
f|552428|1|41|6545645828|1788856007.0000000000|1788856007.0000000000|644|18/11266500_lump_era5l_caravan_forcing_leap.txt
f|552616|1|41|6545646084|1788856009.0000000000|1788856009.0000000000|644|18/11381500_lump_era5l_caravan_forcing_leap.txt
f|553436|1|41|6545646340|1788856015.0000000000|1788856015.0000000000|644|18/11473900_lump_era5l_caravan_forcing_leap.txt
f|556747|1|41|6545646596|1788856017.0000000000|1788856017.0000000000|644|18/11475560_lump_era5l_caravan_forcing_leap.txt
f|554022|1|41|6545646852|1788856019.0000000000|1788856019.0000000000|644|18/11478500_lump_era5l_caravan_forcing_leap.txt
f|555623|1|41|6545647108|1788856021.0000000000|1788856021.0000000000|644|18/11481200_lump_era5l_caravan_forcing_leap.txt
f|552065|1|41|6545647364|1788856023.0000000000|1788856023.0000000000|644|18/11522500_lump_era5l_caravan_forcing_leap.txt
f|552644|1|41|6545647620|1788856025.0000000000|1788856025.0000000000|644|18/11528700_lump_era5l_caravan_forcing_leap.txt
f|561822|1|41|6020921355|1788855999.0000000000|1788855999.0000000000|644|18/11141280_lump_era5l_caravan_forcing_leap.txt
f|557357|1|41|6020921611|1788856003.0000000000|1788856003.0000000000|644|18/11176400_lump_era5l_caravan_forcing_leap.txt
f|552378|1|41|6020921867|1788856004.0000000000|1788856004.0000000000|644|18/11230500_lump_era5l_caravan_forcing_leap.txt
f|552794|1|41|6020922123|1788856005.0000000000|1788856005.0000000000|644|18/11237500_lump_era5l_caravan_forcing_leap.txt
f|556535|1|41|6020922379|1788856008.0000000000|1788856008.0000000000|644|18/11284400_lump_era5l_caravan_forcing_leap.txt
f|555089|1|41|6020922635|1788856011.0000000000|1788856011.0000000000|644|18/11451100_lump_era5l_caravan_forcing_leap.txt
f|559153|1|41|6020922891|1788856012.0000000000|1788856012.0000000000|644|18/11468500_lump_era5l_caravan_forcing_leap.txt
f|556521|1|41|6020923147|1788856018.0000000000|1788856018.0000000000|644|18/11476600_lump_era5l_caravan_forcing_leap.txt
f|553266|1|41|6020923403|1788856020.0000000000|1788856020.0000000000|644|18/11480390_lump_era5l_caravan_forcing_leap.txt
f|554725|1|41|6020923659|1788856022.0000000000|1788856022.0000000000|644|18/11482500_lump_era5l_caravan_forcing_leap.txt
f|551581|1|41|6020923915|1788856024.0000000000|1788856024.0000000000|644|18/11523200_lump_era5l_caravan_forcing_leap.txt
f|553773|1|41|6020924171|1788856026.0000000000|1788856026.0000000000|644|18/11532500_lump_era5l_caravan_forcing_leap.txt
d|4096|2|41|10525155086|1788846022.0000000000|1788846022.0000000000|755|02
f|557705|1|41|10525155342|1788855471.0000000000|1788855471.0000000000|644|02/01333000_lump_era5l_caravan_forcing_leap.txt
f|557456|1|41|10525155598|1788855472.0000000000|1788855472.0000000000|644|02/01350000_lump_era5l_caravan_forcing_leap.txt
f|557589|1|41|10525155854|1788855473.0000000000|1788855473.0000000000|644|02/01350080_lump_era5l_caravan_forcing_leap.txt
f|559360|1|41|10525156110|1788855476.0000000000|1788855476.0000000000|644|02/01411300_lump_era5l_caravan_forcing_leap.txt
f|557715|1|41|10525156366|1788855479.0000000000|1788855479.0000000000|644|02/01414500_lump_era5l_caravan_forcing_leap.txt
f|557753|1|41|10525156622|1788855485.0000000000|1788855485.0000000000|644|02/01415000_lump_era5l_caravan_forcing_leap.txt
f|557614|1|41|10525156878|1788855488.0000000000|1788855488.0000000000|644|02/01435000_lump_era5l_caravan_forcing_leap.txt
f|557847|1|41|10525157134|1788855490.0000000000|1788855490.0000000000|644|02/01440000_lump_era5l_caravan_forcing_leap.txt
f|557533|1|41|10525157390|1788855497.0000000000|1788855497.0000000000|644|02/01510000_lump_era5l_caravan_forcing_leap.txt
f|557216|1|41|10525157646|1788855498.0000000000|1788855498.0000000000|644|02/01516500_lump_era5l_caravan_forcing_leap.txt
f|557271|1|41|10525157902|1788855499.0000000000|1788855499.0000000000|644|02/01518862_lump_era5l_caravan_forcing_leap.txt
f|557330|1|41|10525158158|1788855500.0000000000|1788855500.0000000000|644|02/01532000_lump_era5l_caravan_forcing_leap.txt
f|557567|1|41|10525158414|1788855502.0000000000|1788855502.0000000000|644|02/01542810_lump_era5l_caravan_forcing_leap.txt
f|557571|1|41|10525158670|1788855503.0000000000|1788855503.0000000000|644|02/01543000_lump_era5l_caravan_forcing_leap.txt
f|557404|1|41|10525159182|1788855507.0000000000|1788855507.0000000000|644|02/01548500_lump_era5l_caravan_forcing_leap.txt
f|557437|1|41|10525159438|1788855509.0000000000|1788855509.0000000000|644|02/01550000_lump_era5l_caravan_forcing_leap.txt
f|557558|1|41|10525159694|1788855510.0000000000|1788855510.0000000000|644|02/01552000_lump_era5l_caravan_forcing_leap.txt
f|557497|1|41|10525159950|1788855512.0000000000|1788855512.0000000000|644|02/01557500_lump_era5l_caravan_forcing_leap.txt
f|558406|1|41|10525160206|1788855515.0000000000|1788855515.0000000000|644|02/01580000_lump_era5l_caravan_forcing_leap.txt
f|558540|1|41|10525160462|1788855518.0000000000|1788855518.0000000000|644|02/01591400_lump_era5l_caravan_forcing_leap.txt
f|558500|1|41|10525160718|1788855521.0000000000|1788855521.0000000000|644|02/01605500_lump_era5l_caravan_forcing_leap.txt
f|558551|1|41|10525160974|1788855523.0000000000|1788855523.0000000000|644|02/01632000_lump_era5l_caravan_forcing_leap.txt
f|558831|1|41|10525161230|1788855524.0000000000|1788855524.0000000000|644|02/01632900_lump_era5l_caravan_forcing_leap.txt
f|558598|1|41|10525161486|1788855526.0000000000|1788855526.0000000000|644|02/01638480_lump_era5l_caravan_forcing_leap.txt
f|560760|1|41|10525164046|1788855538.0000000000|1788855538.0000000000|644|02/01669520_lump_era5l_caravan_forcing_leap.txt
f|558531|1|41|10525164558|1788855539.0000000000|1788855539.0000000000|644|02/02011400_lump_era5l_caravan_forcing_leap.txt
f|558529|1|41|10525164814|1788855541.0000000000|1788855541.0000000000|644|02/02015700_lump_era5l_caravan_forcing_leap.txt
f|559517|1|41|10525165070|1788855545.0000000000|1788855545.0000000000|644|02/02027000_lump_era5l_caravan_forcing_leap.txt
f|559597|1|41|10525165326|1788855546.0000000000|1788855546.0000000000|644|02/02027500_lump_era5l_caravan_forcing_leap.txt
f|559662|1|41|10525165582|1788855547.0000000000|1788855547.0000000000|644|02/02028500_lump_era5l_caravan_forcing_leap.txt
f|560403|1|41|10525165838|1788855548.0000000000|1788855548.0000000000|644|02/02038850_lump_era5l_caravan_forcing_leap.txt
f|557540|1|41|11404842760|1788855474.0000000000|1788855474.0000000000|644|02/01350140_lump_era5l_caravan_forcing_leap.txt
f|557662|1|41|11404843016|1788855475.0000000000|1788855475.0000000000|644|02/01365000_lump_era5l_caravan_forcing_leap.txt
f|557680|1|41|11404843272|1788855477.0000000000|1788855477.0000000000|644|02/01413500_lump_era5l_caravan_forcing_leap.txt
f|557546|1|41|11404843528|1788855486.0000000000|1788855486.0000000000|644|02/01423000_lump_era5l_caravan_forcing_leap.txt
f|557559|1|41|11404843784|1788855487.0000000000|1788855487.0000000000|644|02/01434025_lump_era5l_caravan_forcing_leap.txt
f|557756|1|41|11404844040|1788855489.0000000000|1788855489.0000000000|644|02/01439500_lump_era5l_caravan_forcing_leap.txt
f|557805|1|41|11404844296|1788855491.0000000000|1788855491.0000000000|644|02/01440400_lump_era5l_caravan_forcing_leap.txt
f|557719|1|41|11404844552|1788855492.0000000000|1788855492.0000000000|644|02/01451800_lump_era5l_caravan_forcing_leap.txt
f|559070|1|41|11404844808|1788855493.0000000000|1788855493.0000000000|644|02/01466500_lump_era5l_caravan_forcing_leap.txt
f|559467|1|41|11404845064|1788855494.0000000000|1788855494.0000000000|644|02/01484100_lump_era5l_caravan_forcing_leap.txt
f|559714|1|41|11404845320|1788855495.0000000000|1788855495.0000000000|644|02/01487000_lump_era5l_caravan_forcing_leap.txt
f|559356|1|41|11404845576|1788855496.0000000000|1788855496.0000000000|644|02/01491000_lump_era5l_caravan_forcing_leap.txt
f|557563|1|41|11404845832|1788855501.0000000000|1788855501.0000000000|644|02/01539000_lump_era5l_caravan_forcing_leap.txt
f|557626|1|41|11404846088|1788855503.0000000000|1788855503.0000000000|644|02/01543500_lump_era5l_caravan_forcing_leap.txt
f|557436|1|41|11404846344|1788855504.0000000000|1788855504.0000000000|644|02/01544500_lump_era5l_caravan_forcing_leap.txt
f|557468|1|41|11404846600|1788855505.0000000000|1788855505.0000000000|644|02/01545600_lump_era5l_caravan_forcing_leap.txt
f|557603|1|41|11404846856|1788855506.0000000000|1788855506.0000000000|644|02/01547700_lump_era5l_caravan_forcing_leap.txt
f|557398|1|41|11404847112|1788855508.0000000000|1788855508.0000000000|644|02/01549500_lump_era5l_caravan_forcing_leap.txt
f|557546|1|41|11404847368|1788855511.0000000000|1788855511.0000000000|644|02/01552500_lump_era5l_caravan_forcing_leap.txt
f|557749|1|41|11404847624|1788855513.0000000000|1788855513.0000000000|644|02/01567500_lump_era5l_caravan_forcing_leap.txt
f|557837|1|41|11404847880|1788855514.0000000000|1788855514.0000000000|644|02/01568000_lump_era5l_caravan_forcing_leap.txt
f|558591|1|41|11404848136|1788855516.0000000000|1788855516.0000000000|644|02/01583500_lump_era5l_caravan_forcing_leap.txt
f|558414|1|41|11404848392|1788855517.0000000000|1788855517.0000000000|644|02/01586610_lump_era5l_caravan_forcing_leap.txt
f|558247|1|41|11404848648|1788855519.0000000000|1788855519.0000000000|644|02/01594950_lump_era5l_caravan_forcing_leap.txt
f|557693|1|41|11404848904|1788855520.0000000000|1788855520.0000000000|644|02/01596500_lump_era5l_caravan_forcing_leap.txt
f|558448|1|41|11404849160|1788855522.0000000000|1788855522.0000000000|644|02/01606500_lump_era5l_caravan_forcing_leap.txt
f|558585|1|41|11404849416|1788855525.0000000000|1788855525.0000000000|644|02/01634500_lump_era5l_caravan_forcing_leap.txt
f|558273|1|41|11404849928|1788855527.0000000000|1788855527.0000000000|644|02/01639500_lump_era5l_caravan_forcing_leap.txt
f|558722|1|41|11404850184|1788855533.0000000000|1788855533.0000000000|644|02/01644000_lump_era5l_caravan_forcing_leap.txt
f|559131|1|41|11404850440|1788855534.0000000000|1788855534.0000000000|644|02/01664000_lump_era5l_caravan_forcing_leap.txt
f|559458|1|41|11404850696|1788855535.0000000000|1788855535.0000000000|644|02/01666500_lump_era5l_caravan_forcing_leap.txt
f|559510|1|41|11404850952|1788855536.0000000000|1788855536.0000000000|644|02/01667500_lump_era5l_caravan_forcing_leap.txt
f|560509|1|41|11404851720|1788855537.0000000000|1788855537.0000000000|644|02/01669000_lump_era5l_caravan_forcing_leap.txt
f|558962|1|41|11404851976|1788855540.0000000000|1788855540.0000000000|644|02/02013000_lump_era5l_caravan_forcing_leap.txt
f|559089|1|41|11404852232|1788855540.0000000000|1788855540.0000000000|644|02/02014000_lump_era5l_caravan_forcing_leap.txt
f|558770|1|41|11404852488|1788855542.0000000000|1788855542.0000000000|644|02/02016000_lump_era5l_caravan_forcing_leap.txt
f|559131|1|41|11404852744|1788855543.0000000000|1788855543.0000000000|644|02/02017500_lump_era5l_caravan_forcing_leap.txt
f|559300|1|41|11404853000|1788855544.0000000000|1788855544.0000000000|644|02/02018000_lump_era5l_caravan_forcing_leap.txt
d|4096|2|41|10525172750|1788846109.0000000000|1788846109.0000000000|755|04
f|557900|1|41|10525173006|1788855633.0000000000|1788855633.0000000000|644|04/04015330_lump_era5l_caravan_forcing_leap.txt
f|558611|1|41|10525173518|1788855634.0000000000|1788855634.0000000000|644|04/04024430_lump_era5l_caravan_forcing_leap.txt
f|558478|1|41|10525173774|1788855635.0000000000|1788855635.0000000000|644|04/04027000_lump_era5l_caravan_forcing_leap.txt
f|557239|1|41|10525174286|1788855637.0000000000|1788855637.0000000000|644|04/04043050_lump_era5l_caravan_forcing_leap.txt
f|557872|1|41|10525174798|1788855638.0000000000|1788855638.0000000000|644|04/04045500_lump_era5l_caravan_forcing_leap.txt
f|557772|1|41|10525175566|1788855639.0000000000|1788855639.0000000000|644|04/04057510_lump_era5l_caravan_forcing_leap.txt
f|558272|1|41|10525176590|1788855640.0000000000|1788855640.0000000000|644|04/04057800_lump_era5l_caravan_forcing_leap.txt
f|558328|1|41|10525177870|1788855642.0000000000|1788855642.0000000000|644|04/04063700_lump_era5l_caravan_forcing_leap.txt
f|557568|1|41|10525178382|1788855648.0000000000|1788855648.0000000000|644|04/04122500_lump_era5l_caravan_forcing_leap.txt
f|557696|1|41|10525178638|1788855654.0000000000|1788855654.0000000000|644|04/04127997_lump_era5l_caravan_forcing_leap.txt
f|558415|1|41|10525178894|1788855656.0000000000|1788855656.0000000000|644|04/04196800_lump_era5l_caravan_forcing_leap.txt
f|558242|1|41|10525179150|1788855657.0000000000|1788855657.0000000000|644|04/04197100_lump_era5l_caravan_forcing_leap.txt
f|558256|1|41|10525179406|1788855658.0000000000|1788855658.0000000000|644|04/04197170_lump_era5l_caravan_forcing_leap.txt
f|557841|1|41|10525179662|1788855659.0000000000|1788855659.0000000000|644|04/04213000_lump_era5l_caravan_forcing_leap.txt
f|557911|1|41|10525179918|1788855660.0000000000|1788855660.0000000000|644|04/04213075_lump_era5l_caravan_forcing_leap.txt
f|557418|1|41|10525180174|1788855661.0000000000|1788855661.0000000000|644|04/04216418_lump_era5l_caravan_forcing_leap.txt
f|557269|1|41|10525180430|1788855663.0000000000|1788855663.0000000000|644|04/04224775_lump_era5l_caravan_forcing_leap.txt
f|557306|1|41|10525180686|1788855664.0000000000|1788855664.0000000000|644|04/04233000_lump_era5l_caravan_forcing_leap.txt
f|557762|1|41|10525180942|1788855665.0000000000|1788855665.0000000000|644|04/04256000_lump_era5l_caravan_forcing_leap.txt
f|558167|1|41|11404858888|1788855636.0000000000|1788855636.0000000000|644|04/04040500_lump_era5l_caravan_forcing_leap.txt
f|557953|1|41|11404860936|1788855642.0000000000|1788855642.0000000000|644|04/04059500_lump_era5l_caravan_forcing_leap.txt
f|558420|1|41|11404861192|1788855643.0000000000|1788855643.0000000000|644|04/04074950_lump_era5l_caravan_forcing_leap.txt
f|557875|1|41|11404861448|1788855644.0000000000|1788855644.0000000000|644|04/04105700_lump_era5l_caravan_forcing_leap.txt
f|557617|1|41|11404861704|1788855645.0000000000|1788855645.0000000000|644|04/04115265_lump_era5l_caravan_forcing_leap.txt
f|557600|1|41|11404862216|1788855646.0000000000|1788855646.0000000000|644|04/04122200_lump_era5l_caravan_forcing_leap.txt
f|557840|1|41|11404862472|1788855649.0000000000|1788855649.0000000000|644|04/04127918_lump_era5l_caravan_forcing_leap.txt
f|557915|1|41|11404862728|1788855655.0000000000|1788855655.0000000000|644|04/04185000_lump_era5l_caravan_forcing_leap.txt
f|557292|1|41|11404862984|1788855662.0000000000|1788855662.0000000000|644|04/04221000_lump_era5l_caravan_forcing_leap.txt
d|4096|2|41|10525185294|1788846180.0000000000|1788846180.0000000000|755|09
f|558331|1|41|10525185550|1788855758.0000000000|1788855758.0000000000|644|09/05057200_lump_era5l_caravan_forcing_leap.txt
f|557766|1|41|10525185806|1788855759.0000000000|1788855759.0000000000|644|09/05120500_lump_era5l_caravan_forcing_leap.txt
d|4096|2|41|6020902155|1788846221.0000000000|1788846221.0000000000|755|10
f|555971|1|41|6020902411|1788855760.0000000000|1788855760.0000000000|644|10/06221400_lump_era5l_caravan_forcing_leap.txt
f|554587|1|41|6020902667|1788855765.0000000000|1788855765.0000000000|644|10/06291500_lump_era5l_caravan_forcing_leap.txt
f|556545|1|41|6020902923|1788855775.0000000000|1788855775.0000000000|644|10/06352000_lump_era5l_caravan_forcing_leap.txt
f|556054|1|41|6020903179|1788855776.0000000000|1788855776.0000000000|644|10/06404000_lump_era5l_caravan_forcing_leap.txt
f|555650|1|41|6020903435|1788855779.0000000000|1788855779.0000000000|644|10/06431500_lump_era5l_caravan_forcing_leap.txt
f|557044|1|41|6020903691|1788855780.0000000000|1788855780.0000000000|644|10/06440200_lump_era5l_caravan_forcing_leap.txt
f|556699|1|41|6020903947|1788855781.0000000000|1788855781.0000000000|644|10/06447500_lump_era5l_caravan_forcing_leap.txt
f|557240|1|41|6020904203|1788855786.0000000000|1788855786.0000000000|644|10/06614800_lump_era5l_caravan_forcing_leap.txt
f|555835|1|41|6020904459|1788855787.0000000000|1788855787.0000000000|644|10/06622700_lump_era5l_caravan_forcing_leap.txt
f|556865|1|41|6020904715|1788855788.0000000000|1788855788.0000000000|644|10/06623800_lump_era5l_caravan_forcing_leap.txt
f|555555|1|41|6020904971|1788855789.0000000000|1788855789.0000000000|644|10/06632400_lump_era5l_caravan_forcing_leap.txt
f|559170|1|41|6020905227|1788855791.0000000000|1788855791.0000000000|644|10/06803510_lump_era5l_caravan_forcing_leap.txt
f|559224|1|41|6020905483|1788855796.0000000000|1788855796.0000000000|644|10/06853800_lump_era5l_caravan_forcing_leap.txt
f|559735|1|41|6020905739|1788855798.0000000000|1788855798.0000000000|644|10/06878000_lump_era5l_caravan_forcing_leap.txt
f|559627|1|41|6020905995|1788855800.0000000000|1788855800.0000000000|644|10/06885500_lump_era5l_caravan_forcing_leap.txt
f|559904|1|41|6020906251|1788855803.0000000000|1788855803.0000000000|644|10/06889500_lump_era5l_caravan_forcing_leap.txt
f|560130|1|41|6020906507|1788855806.0000000000|1788855806.0000000000|644|10/06906800_lump_era5l_caravan_forcing_leap.txt
f|560073|1|41|6020906763|1788855808.0000000000|1788855808.0000000000|644|10/06911900_lump_era5l_caravan_forcing_leap.txt
f|560700|1|41|6020907019|1788855810.0000000000|1788855810.0000000000|644|10/06918460_lump_era5l_caravan_forcing_leap.txt
f|555989|1|41|6545619972|1788855761.0000000000|1788855761.0000000000|644|10/06224000_lump_era5l_caravan_forcing_leap.txt
f|555858|1|41|6545620228|1788855762.0000000000|1788855762.0000000000|644|10/06278300_lump_era5l_caravan_forcing_leap.txt
f|556081|1|41|6545620484|1788855763.0000000000|1788855763.0000000000|644|10/06280300_lump_era5l_caravan_forcing_leap.txt
f|555027|1|41|6545620740|1788855764.0000000000|1788855764.0000000000|644|10/06289000_lump_era5l_caravan_forcing_leap.txt
f|555444|1|41|6545620996|1788855766.0000000000|1788855766.0000000000|644|10/06311000_lump_era5l_caravan_forcing_leap.txt
f|556753|1|41|6545621252|1788855767.0000000000|1788855767.0000000000|644|10/06332515_lump_era5l_caravan_forcing_leap.txt
f|556649|1|41|6545621508|1788855768.0000000000|1788855768.0000000000|644|10/06339100_lump_era5l_caravan_forcing_leap.txt
f|556545|1|41|6545621764|1788855769.0000000000|1788855769.0000000000|644|10/06344600_lump_era5l_caravan_forcing_leap.txt
f|556609|1|41|6545622020|1788855771.0000000000|1788855771.0000000000|644|10/06350000_lump_era5l_caravan_forcing_leap.txt
f|555982|1|41|6545622276|1788855777.0000000000|1788855777.0000000000|644|10/06406000_lump_era5l_caravan_forcing_leap.txt
f|555972|1|41|6545622532|1788855778.0000000000|1788855778.0000000000|644|10/06409000_lump_era5l_caravan_forcing_leap.txt
f|558185|1|41|6545622788|1788855782.0000000000|1788855782.0000000000|644|10/06470800_lump_era5l_caravan_forcing_leap.txt
f|558408|1|41|6545623044|1788855783.0000000000|1788855783.0000000000|644|10/06477500_lump_era5l_caravan_forcing_leap.txt
f|558189|1|41|6545623300|1788855784.0000000000|1788855784.0000000000|644|10/06479215_lump_era5l_caravan_forcing_leap.txt
f|558796|1|41|6545623556|1788855785.0000000000|1788855785.0000000000|644|10/06601000_lump_era5l_caravan_forcing_leap.txt
f|557240|1|41|6545624068|1788855790.0000000000|1788855790.0000000000|644|10/06746095_lump_era5l_caravan_forcing_leap.txt
f|559140|1|41|6545624324|1788855792.0000000000|1788855792.0000000000|644|10/06803530_lump_era5l_caravan_forcing_leap.txt
f|559475|1|41|6545624580|1788855793.0000000000|1788855793.0000000000|644|10/06814000_lump_era5l_caravan_forcing_leap.txt
f|558560|1|41|6545624836|1788855794.0000000000|1788855794.0000000000|644|10/06847900_lump_era5l_caravan_forcing_leap.txt
f|559613|1|41|6545625092|1788855797.0000000000|1788855797.0000000000|644|10/06876700_lump_era5l_caravan_forcing_leap.txt
f|559925|1|41|6545625348|1788855799.0000000000|1788855799.0000000000|644|10/06879650_lump_era5l_caravan_forcing_leap.txt
f|559967|1|41|6545625604|1788855801.0000000000|1788855801.0000000000|644|10/06888500_lump_era5l_caravan_forcing_leap.txt
f|559858|1|41|6545625860|1788855802.0000000000|1788855802.0000000000|644|10/06889200_lump_era5l_caravan_forcing_leap.txt
f|559828|1|41|6545626116|1788855804.0000000000|1788855804.0000000000|644|10/06892000_lump_era5l_caravan_forcing_leap.txt
f|559221|1|41|6545626372|1788855805.0000000000|1788855805.0000000000|644|10/06903400_lump_era5l_caravan_forcing_leap.txt
f|560050|1|41|6545626628|1788855807.0000000000|1788855807.0000000000|644|10/06910800_lump_era5l_caravan_forcing_leap.txt
f|560502|1|41|6545626884|1788855809.0000000000|1788855809.0000000000|644|10/06917000_lump_era5l_caravan_forcing_leap.txt
f|560638|1|41|6545627140|1788855811.0000000000|1788855811.0000000000|644|10/06919500_lump_era5l_caravan_forcing_leap.txt
f|560522|1|41|6545627396|1788855812.0000000000|1788855812.0000000000|644|10/06921070_lump_era5l_caravan_forcing_leap.txt
f|560412|1|41|6545627652|1788855813.0000000000|1788855813.0000000000|644|10/06921200_lump_era5l_caravan_forcing_leap.txt
d|4096|2|41|6577377293|1788846283.0000000000|1788846283.0000000000|755|14
f|558127|1|41|6577377549|1788855882.0000000000|1788855882.0000000000|644|14/09035900_lump_era5l_caravan_forcing_leap.txt
f|557735|1|41|6577377805|1788855884.0000000000|1788855884.0000000000|644|14/09065500_lump_era5l_caravan_forcing_leap.txt
f|558431|1|41|6577378061|1788855886.0000000000|1788855886.0000000000|644|14/09066200_lump_era5l_caravan_forcing_leap.txt
f|554858|1|41|6577378317|1788855890.0000000000|1788855890.0000000000|644|14/09210500_lump_era5l_caravan_forcing_leap.txt
f|555396|1|41|6577378573|1788855892.0000000000|1788855892.0000000000|644|14/09223000_lump_era5l_caravan_forcing_leap.txt
f|555339|1|41|6577378829|1788855896.0000000000|1788855896.0000000000|644|14/09312600_lump_era5l_caravan_forcing_leap.txt
f|558425|1|41|7253925391|1788855881.0000000000|1788855881.0000000000|644|14/09035800_lump_era5l_caravan_forcing_leap.txt
f|557536|1|41|7253925647|1788855883.0000000000|1788855883.0000000000|644|14/09047700_lump_era5l_caravan_forcing_leap.txt
f|557702|1|41|7253925903|1788855885.0000000000|1788855885.0000000000|644|14/09066000_lump_era5l_caravan_forcing_leap.txt
f|558202|1|41|7253926159|1788855887.0000000000|1788855887.0000000000|644|14/09066300_lump_era5l_caravan_forcing_leap.txt
f|557179|1|41|7253926415|1788855888.0000000000|1788855888.0000000000|644|14/09081600_lump_era5l_caravan_forcing_leap.txt
f|557327|1|41|7253926671|1788855889.0000000000|1788855889.0000000000|644|14/09107000_lump_era5l_caravan_forcing_leap.txt
f|555549|1|41|7253926927|1788855895.0000000000|1788855895.0000000000|644|14/09306242_lump_era5l_caravan_forcing_leap.txt
f|557582|1|41|7253927183|1788855897.0000000000|1788855897.0000000000|644|14/09352900_lump_era5l_caravan_forcing_leap.txt
f|555265|1|41|7253927439|1788855898.0000000000|1788855898.0000000000|644|14/09378170_lump_era5l_caravan_forcing_leap.txt
d|4096|2|41|6020909579|1788846357.0000000000|1788846357.0000000000|755|17
f|552850|1|41|6020909835|1788855919.0000000000|1788855919.0000000000|644|17/12010000_lump_era5l_caravan_forcing_leap.txt
f|550770|1|41|6020910603|1788855924.0000000000|1788855924.0000000000|644|17/12040500_lump_era5l_caravan_forcing_leap.txt
f|551592|1|41|6020913675|1788855940.0000000000|1788855940.0000000000|644|17/12175500_lump_era5l_caravan_forcing_leap.txt
f|551480|1|41|6020913931|1788855942.0000000000|1788855942.0000000000|644|17/12186000_lump_era5l_caravan_forcing_leap.txt
f|551600|1|41|6020914187|1788855944.0000000000|1788855944.0000000000|644|17/12189500_lump_era5l_caravan_forcing_leap.txt
f|552955|1|41|6020914443|1788855945.0000000000|1788855945.0000000000|644|17/12375900_lump_era5l_caravan_forcing_leap.txt
f|553556|1|41|6020914699|1788855946.0000000000|1788855946.0000000000|644|17/12377150_lump_era5l_caravan_forcing_leap.txt
f|553565|1|41|6020914955|1788855948.0000000000|1788855948.0000000000|644|17/12383500_lump_era5l_caravan_forcing_leap.txt
f|552713|1|41|6020915211|1788855950.0000000000|1788855950.0000000000|644|17/12411000_lump_era5l_caravan_forcing_leap.txt
f|553383|1|41|6020915467|1788855952.0000000000|1788855952.0000000000|644|17/12447390_lump_era5l_caravan_forcing_leap.txt
f|551835|1|41|6020915723|1788855955.0000000000|1788855955.0000000000|644|17/12451000_lump_era5l_caravan_forcing_leap.txt
f|555638|1|41|6020916235|1788855958.0000000000|1788855958.0000000000|644|17/13011500_lump_era5l_caravan_forcing_leap.txt
f|553450|1|41|6020916747|1788855962.0000000000|1788855962.0000000000|644|17/13161500_lump_era5l_caravan_forcing_leap.txt
f|551002|1|41|6020917259|1788855969.0000000000|1788855969.0000000000|644|17/14137000_lump_era5l_caravan_forcing_leap.txt
f|551804|1|41|6020917771|1788855973.0000000000|1788855973.0000000000|644|17/14139800_lump_era5l_caravan_forcing_leap.txt
f|551859|1|41|6020918283|1788855975.0000000000|1788855975.0000000000|644|17/14141500_lump_era5l_caravan_forcing_leap.txt
f|552067|1|41|6020919563|1788855979.0000000000|1788855979.0000000000|644|17/14182500_lump_era5l_caravan_forcing_leap.txt
f|552166|1|41|6020919819|1788855980.0000000000|1788855980.0000000000|644|17/14185000_lump_era5l_caravan_forcing_leap.txt
f|551428|1|41|6020920075|1788855985.0000000000|1788855985.0000000000|644|17/14236200_lump_era5l_caravan_forcing_leap.txt
f|552294|1|41|6020920331|1788855986.0000000000|1788855986.0000000000|644|17/14301000_lump_era5l_caravan_forcing_leap.txt
f|552549|1|41|6020920843|1788855993.0000000000|1788855993.0000000000|644|17/14316700_lump_era5l_caravan_forcing_leap.txt
f|552554|1|41|6020910091|1788855920.0000000000|1788855920.0000000000|644|17/12013500_lump_era5l_caravan_forcing_leap.txt
f|551843|1|41|6020910347|1788855921.0000000000|1788855921.0000000000|644|17/12020000_lump_era5l_caravan_forcing_leap.txt
f|550233|1|41|6020910859|1788855925.0000000000|1788855925.0000000000|644|17/12041200_lump_era5l_caravan_forcing_leap.txt
f|550260|1|41|6020911115|1788855926.0000000000|1788855926.0000000000|644|17/12048000_lump_era5l_caravan_forcing_leap.txt
f|550547|1|41|6020911371|1788855928.0000000000|1788855928.0000000000|644|17/12056500_lump_era5l_caravan_forcing_leap.txt
f|553393|1|41|6020911627|1788855930.0000000000|1788855930.0000000000|644|17/12073500_lump_era5l_caravan_forcing_leap.txt
f|550651|1|41|6020911883|1788855931.0000000000|1788855931.0000000000|644|17/12082500_lump_era5l_caravan_forcing_leap.txt
f|550350|1|41|6020912139|1788855932.0000000000|1788855932.0000000000|644|17/12092000_lump_era5l_caravan_forcing_leap.txt
f|551370|1|41|6020912395|1788855934.0000000000|1788855934.0000000000|644|17/12115000_lump_era5l_caravan_forcing_leap.txt
f|551504|1|41|6020912651|1788855936.0000000000|1788855936.0000000000|644|17/12143600_lump_era5l_caravan_forcing_leap.txt
f|551464|1|41|6020912907|1788855936.0000000000|1788855936.0000000000|644|17/12144000_lump_era5l_caravan_forcing_leap.txt
f|551725|1|41|6020913163|1788855938.0000000000|1788855938.0000000000|644|17/12147500_lump_era5l_caravan_forcing_leap.txt
f|551859|1|41|6020913419|1788855939.0000000000|1788855939.0000000000|644|17/12167000_lump_era5l_caravan_forcing_leap.txt
f|550906|1|41|6020915979|1788855957.0000000000|1788855957.0000000000|644|17/12488500_lump_era5l_caravan_forcing_leap.txt
f|555204|1|41|6020916491|1788855960.0000000000|1788855960.0000000000|644|17/13018300_lump_era5l_caravan_forcing_leap.txt
f|550081|1|41|6020917003|1788855968.0000000000|1788855968.0000000000|644|17/14096850_lump_era5l_caravan_forcing_leap.txt
f|551908|1|41|6020917515|1788855972.0000000000|1788855972.0000000000|644|17/14138900_lump_era5l_caravan_forcing_leap.txt
f|552658|1|41|6020918795|1788855976.0000000000|1788855976.0000000000|644|17/14154500_lump_era5l_caravan_forcing_leap.txt
f|551663|1|41|6020919051|1788855977.0000000000|1788855977.0000000000|644|17/14158790_lump_era5l_caravan_forcing_leap.txt
f|552468|1|41|6020920587|1788855992.0000000000|1788855992.0000000000|644|17/14309500_lump_era5l_caravan_forcing_leap.txt
f|553316|1|41|6020921099|1788855994.0000000000|1788855994.0000000000|644|17/14325000_lump_era5l_caravan_forcing_leap.txt
f|551198|1|41|6545633540|1788855922.0000000000|1788855922.0000000000|644|17/12025700_lump_era5l_caravan_forcing_leap.txt
f|552612|1|41|6545633796|1788855923.0000000000|1788855923.0000000000|644|17/12035000_lump_era5l_caravan_forcing_leap.txt
f|550700|1|41|6545634052|1788855927.0000000000|1788855927.0000000000|644|17/12054000_lump_era5l_caravan_forcing_leap.txt
f|551247|1|41|6545634308|1788855933.0000000000|1788855933.0000000000|644|17/12114500_lump_era5l_caravan_forcing_leap.txt
f|551493|1|41|6545634564|1788855935.0000000000|1788855935.0000000000|644|17/12117000_lump_era5l_caravan_forcing_leap.txt
f|552331|1|41|6545634820|1788855937.0000000000|1788855937.0000000000|644|17/12145500_lump_era5l_caravan_forcing_leap.txt
f|551415|1|41|6545635076|1788855941.0000000000|1788855941.0000000000|644|17/12178100_lump_era5l_caravan_forcing_leap.txt
f|553570|1|41|6545635588|1788855947.0000000000|1788855947.0000000000|644|17/12381400_lump_era5l_caravan_forcing_leap.txt
f|552625|1|41|6545635844|1788855949.0000000000|1788855949.0000000000|644|17/12390700_lump_era5l_caravan_forcing_leap.txt
f|556728|1|41|6545636100|1788855959.0000000000|1788855959.0000000000|644|17/13011900_lump_era5l_caravan_forcing_leap.txt
f|555321|1|41|6545636356|1788855961.0000000000|1788855961.0000000000|644|17/13023000_lump_era5l_caravan_forcing_leap.txt
f|554624|1|41|6545636612|1788855963.0000000000|1788855963.0000000000|644|17/13235000_lump_era5l_caravan_forcing_leap.txt
f|553809|1|41|6545636868|1788855964.0000000000|1788855964.0000000000|644|17/13240000_lump_era5l_caravan_forcing_leap.txt
f|554317|1|41|6545637124|1788855965.0000000000|1788855965.0000000000|644|17/13313000_lump_era5l_caravan_forcing_leap.txt
f|552677|1|41|6545637380|1788855966.0000000000|1788855966.0000000000|644|17/13331500_lump_era5l_caravan_forcing_leap.txt
f|551674|1|41|6545637636|1788855967.0000000000|1788855967.0000000000|644|17/14020000_lump_era5l_caravan_forcing_leap.txt
f|551246|1|41|6545637892|1788855970.0000000000|1788855970.0000000000|644|17/14138800_lump_era5l_caravan_forcing_leap.txt
f|551778|1|41|6545638148|1788855971.0000000000|1788855971.0000000000|644|17/14138870_lump_era5l_caravan_forcing_leap.txt
f|554411|1|41|6545639684|1788855978.0000000000|1788855978.0000000000|644|17/14166500_lump_era5l_caravan_forcing_leap.txt
f|552137|1|41|6545641220|1788855981.0000000000|1788855981.0000000000|644|17/14185900_lump_era5l_caravan_forcing_leap.txt
f|552889|1|41|6545641476|1788855982.0000000000|1788855982.0000000000|644|17/14187000_lump_era5l_caravan_forcing_leap.txt
f|550909|1|41|6545641732|1788855983.0000000000|1788855983.0000000000|644|17/14216500_lump_era5l_caravan_forcing_leap.txt
f|552328|1|41|6545641988|1788855984.0000000000|1788855984.0000000000|644|17/14222500_lump_era5l_caravan_forcing_leap.txt
f|551492|1|41|6545642244|1788855987.0000000000|1788855987.0000000000|644|17/14303200_lump_era5l_caravan_forcing_leap.txt
f|552210|1|41|6545642500|1788855988.0000000000|1788855988.0000000000|644|17/14305500_lump_era5l_caravan_forcing_leap.txt
f|553207|1|41|6545642756|1788855989.0000000000|1788855989.0000000000|644|17/14306340_lump_era5l_caravan_forcing_leap.txt
f|553234|1|41|6545643012|1788855990.0000000000|1788855990.0000000000|644|17/14306500_lump_era5l_caravan_forcing_leap.txt
f|552632|1|41|6545643268|1788855991.0000000000|1788855991.0000000000|644|17/14308990_lump_era5l_caravan_forcing_leap.txt
f|553392|1|41|6545643524|1788855995.0000000000|1788855995.0000000000|644|17/14362250_lump_era5l_caravan_forcing_leap.txt
f|554008|1|41|6545643780|1788855996.0000000000|1788855996.0000000000|644|17/14400000_lump_era5l_caravan_forcing_leap.txt
METADATA_TRUNCATED=0
METADATA_EMITTED_ENTRIES=547
METADATA_EMITTED_BYTES=65484
WEATHER_LIST_END
FIND_EXIT=0
LIST_LIMITER_EXIT=0
WEATHER_ROOT_AFTER=41|10226938374|4096|1788846358|1788846358|20|41ed
TOTAL_OUTPUT_TRUNCATED=0
TOTAL_BODY_OUTPUT_BYTES=67023
QUERY_EXIT=0
TOTAL_LIMITER_EXIT=0
ORIGINAL_INPUT_IDENTITY_COMPLETE
### ---------- end ----------
### exit_code=0
### finished=2026-10-07T14:27:48+0800
