07056000
11383500
05412500
03066000
02408540
12025000
03165000
07071500
07068000
03213700
07014500
08025500
02422500
07067000
06934000
03164000
03281100
02051000
03187500
02464146
01613050
03161000
07149000
06453600
02011460
01620500
03159540
05514500
06452000
02310947
02430615
03300400
01658500
06784000
03357350
07148400
01121000
07290650
06441500
01118300
06154410
08155200
07292500
05129115
14158500
06447000
07151500
10166430
06043500
04124000
01486000
10023000
06408700
11180500
12115500
13083000
10172800
02312200
07376000
10173450
01485500
07226500
06354000
02315500
11274630
09480000
10396000
06468250
02314500
10316500
06037500
11274500
12141300
10205030
02231342
10348850
08079600
11098000
10336740
10329500
09430500
12043000
11253310
06353000
10263500
11224500
12147600
09497800
05131500
09034900
10310500
09484000
10242000
02327100
04056500
10258000
10258500
10259200
10249300
02324400
